Cell	Parent
0	-1
5057	0
5119	5057
5096	5119
5099	5096
5095	5099
5087	5095
5098	5087
5125	5098
5124	5125
5107	5124
5089	5107
5127	5089
5114	5127
5106	5114
5048	5106
5093	5048
5116	5093
5122	5116
5110	5122
5088	5110
5090	5088
5055	5090
5018	5055
5049	5018
5117	5049
5063	5117
5078	5063
5031	5078
5082	5031
5051	5082
5034	5051
5047	5034
5108	5047
5115	5108
5086	5115
5080	5086
5069	5080
5056	5069
5060	5056
5084	5060
5081	5084
4960	5081
5040	4960
4984	5040
5121	4984
5118	5121
5113	5118
5105	5113
5100	5105
5071	5100
5028	5071
5036	5028
4977	5036
5003	4977
4974	5003
4971	4974
4929	4971
4930	4929
4921	4930
4907	4921
5005	4907
4994	5005
4976	4994
4998	4976
4865	4998
4891	4865
4952	4891
4988	4952
4926	4988
5120	4926
4991	5120
4927	4991
5029	4927
5006	5029
5065	5006
4931	5065
4983	4931
4863	4983
5109	4863
5033	5109
4992	5033
4904	4992
4951	4904
5123	4951
5062	5123
5104	5062
5059	5104
5037	5059
5023	5037
5046	5023
5012	5046
4986	5012
5042	4986
5017	5042
5097	5017
4961	5097
5091	4961
5032	5091
5070	5032
5075	5070
5111	5075
5079	5111
4777	5079
4842	4777
4957	4842
4780	4957
4855	4780
4806	4855
4778	4806
4896	4778
4736	4896
4818	4736
4912	4818
4989	4912
5101	4989
5054	5101
5102	5054
5039	5102
4981	5039
4956	4981
4959	4956
5058	4959
4978	5058
4969	4978
4963	4969
4965	4963
4928	4965
4909	4928
4947	4909
4862	4947
4846	4862
5103	4846
5026	5103
5052	5026
5053	5052
5064	5053
5015	5064
4848	5015
4795	4848
5020	4795
5066	5020
5043	5066
5041	5043
5021	5041
5027	5021
5014	5027
4857	5014
4840	4857
5007	4840
5016	5007
5013	5016
4954	5013
4953	4954
4851	4953
4831	4851
4805	4831
4834	4805
5008	4834
4861	5008
4849	4861
5010	4849
4858	5010
4853	4858
4823	4853
4812	4823
4868	4812
4841	4868
4828	4841
4938	4828
5011	4938
4949	5011
4997	4949
5126	4997
5092	5126
5045	5092
5000	5045
4993	5000
4958	4993
5074	4958
5112	5074
5022	5112
5019	5022
4968	5019
4948	4968
4860	4948
4867	4860
4854	4867
5044	4854
4723	5044
4844	4723
4973	4844
4966	4973
4892	4966
4999	4892
5002	4999
5085	5002
5076	5085
5004	5076
4990	5004
4942	4990
5067	4942
4975	5067
4920	4975
4936	4920
4784	4936
4755	4784
4894	4755
4888	4894
4922	4888
4917	4922
5068	4917
4939	5068
4895	4939
4776	4895
4932	4776
4910	4932
4925	4910
4996	4925
4946	4996
4913	4946
4826	4913
4962	4826
4843	4962
4900	4843
5072	4900
5024	5072
4837	5024
4995	4837
4705	4995
5077	4705
5025	5077
4856	5025
4827	4856
4838	4827
4800	4838
4798	4800
4807	4798
4866	4807
4902	4866
4738	4902
4614	4738
4782	4614
4835	4782
4950	4835
4972	4950
5083	4972
5030	5083
4980	5030
4985	4980
4905	4985
4883	4905
4881	4883
4870	4881
4803	4870
4815	4803
4769	4815
4741	4769
4911	4741
4935	4911
4754	4935
4822	4754
4725	4822
4836	4725
4749	4836
4732	4749
4731	4732
4715	4731
4774	4715
4924	4774
4970	4924
4945	4970
4919	4945
4887	4919
4882	4887
4874	4882
4764	4874
4657	4764
4656	4657
4676	4656
4721	4676
4783	4721
4744	4783
4809	4744
4918	4809
4709	4918
4724	4709
4886	4724
4681	4886
4663	4681
4629	4663
4654	4629
4623	4654
4639	4623
4771	4639
4751	4771
4747	4751
4653	4747
4652	4653
4869	4652
4810	4869
4893	4810
5050	4893
5094	5050
4941	5094
4878	4941
4847	4878
4605	4847
4601	4605
4543	4601
4443	4543
4495	4443
4775	4495
4864	4775
5035	4864
5009	5035
4873	5009
4979	4873
4940	4979
5001	4940
4967	5001
5038	4967
4955	5038
4934	4955
4923	4934
4964	4923
4760	4964
4903	4760
4982	4903
4880	4982
4761	4880
4733	4761
4730	4733
4680	4730
4582	4680
4691	4582
4785	4691
4759	4785
4700	4759
4779	4700
4720	4779
4690	4720
4713	4690
4845	4713
4816	4845
4790	4816
4788	4790
4832	4788
4791	4832
4852	4791
4839	4852
4802	4839
4789	4802
4694	4789
4830	4694
4794	4830
4701	4794
4722	4701
4708	4722
4750	4708
4716	4750
4706	4716
4632	4706
4594	4632
4787	4594
4610	4787
4599	4610
4675	4599
4674	4675
4804	4674
4875	4804
4889	4875
4876	4889
4871	4876
4825	4871
4781	4825
4718	4781
4566	4718
4563	4566
4493	4563
4916	4493
4914	4916
4908	4914
4801	4908
4872	4801
4824	4872
4737	4824
4745	4737
4890	4745
4660	4890
4906	4660
4669	4906
4879	4669
4677	4879
4548	4677
4507	4548
4486	4507
4620	4486
4688	4620
4664	4688
4710	4664
4553	4710
4885	4553
4811	4885
4796	4811
4607	4796
4521	4607
4850	4521
4833	4850
4819	4833
4808	4819
4767	4808
4711	4767
4696	4711
4772	4696
4813	4772
4734	4813
4740	4734
4743	4740
4714	4743
4702	4714
4770	4702
4717	4770
4799	4717
4757	4799
4766	4757
4758	4766
4756	4758
4746	4756
4729	4746
4762	4729
4884	4762
4821	4884
4829	4821
4814	4829
4797	4814
4820	4797
4859	4820
4792	4859
4712	4792
4786	4712
4644	4786
4641	4644
4678	4641
4667	4678
4645	4667
4648	4645
4635	4648
4555	4635
4640	4555
4665	4640
4650	4665
4649	4650
4624	4649
4579	4624
4424	4579
4532	4424
4625	4532
4575	4625
4621	4575
4517	4621
4480	4517
4528	4480
4627	4528
4659	4627
4655	4659
4753	4655
4646	4753
4637	4646
4634	4637
4596	4634
4546	4596
4642	4546
4707	4642
4488	4707
4693	4488
4765	4693
4679	4765
4578	4679
4567	4578
4817	4567
4793	4817
4686	4793
4608	4686
4726	4608
4670	4726
4742	4670
4604	4742
4728	4604
4602	4728
4550	4602
4464	4550
4773	4464
4748	4773
4689	4748
4768	4689
4538	4768
4618	4538
4616	4618
4763	4616
4719	4763
4683	4719
4672	4683
4564	4672
4537	4564
4298	4537
4666	4298
4704	4666
4590	4704
4692	4590
4671	4692
4609	4671
4583	4609
4572	4583
4463	4572
4569	4463
4591	4569
4549	4591
4684	4549
4735	4684
4752	4735
4739	4752
4558	4739
4612	4558
4615	4612
4556	4615
4527	4556
4542	4527
4541	4542
4484	4541
4539	4484
4613	4539
4471	4613
4450	4471
4430	4450
4631	4430
4577	4631
4661	4577
4643	4661
4559	4643
4504	4559
4633	4504
4636	4633
4603	4636
4595	4603
4545	4595
4531	4545
4544	4531
4422	4544
4403	4422
4534	4403
4397	4534
4359	4397
4335	4359
4402	4335
4489	4402
4479	4489
4420	4479
4431	4420
4514	4431
4523	4514
4697	4523
4516	4697
4668	4516
4600	4668
4673	4600
4687	4673
4699	4687
4119	4699
4598	4119
4592	4598
4597	4592
4611	4597
4606	4611
4703	4606
4685	4703
4588	4685
4571	4588
4580	4571
4617	4580
4568	4617
4472	4568
4512	4472
4451	4512
4446	4451
4206	4446
4540	4206
4562	4540
4526	4562
4533	4526
4509	4533
4407	4509
4557	4407
4630	4557
4535	4630
4529	4535
4522	4529
4467	4522
4452	4467
4405	4452
4393	4405
4360	4393
4334	4360
4378	4334
4278	4378
4387	4278
4429	4387
4560	4429
4491	4560
4416	4491
4503	4416
4554	4503
4492	4554
4506	4492
4552	4506
4511	4552
4401	4511
4398	4401
4551	4398
4417	4551
4323	4417
4499	4323
4581	4499
4619	4581
4364	4619
4547	4364
4391	4547
4481	4391
4524	4481
4565	4524
4682	4565
4520	4682
4426	4520
4423	4426
4442	4423
4508	4442
4496	4508
4440	4496
4419	4440
4413	4419
4474	4413
4658	4474
4487	4658
4461	4487
4470	4461
4586	4470
4584	4586
4570	4584
4437	4570
4396	4437
4376	4396
4536	4376
4530	4536
4468	4530
4456	4468
4455	4456
4454	4455
4469	4454
4462	4469
4457	4462
4453	4457
4448	4453
4388	4448
4368	4388
4126	4368
4178	4126
4399	4178
4576	4399
4436	4576
4357	4436
4347	4357
4427	4347
4404	4427
4432	4404
4502	4432
4561	4502
4374	4561
4483	4374
4518	4483
4477	4518
4460	4477
4327	4460
4395	4327
4369	4395
4355	4369
4626	4355
4587	4626
4358	4587
4494	4358
4441	4494
4525	4441
4283	4525
4222	4283
4447	4222
4353	4447
4095	4353
3918	4095
4091	3918
4101	4091
4116	4101
4362	4116
4348	4362
4166	4348
4090	4166
4057	4090
4125	4057
4199	4125
4219	4199
4585	4219
4465	4585
4367	4465
4406	4367
4466	4406
4573	4466
4478	4573
4444	4478
4180	4444
4280	4180
4411	4280
4372	4411
4384	4372
4390	4384
4382	4390
4377	4382
4349	4377
4352	4349
4248	4352
4185	4248
4375	4185
4438	4375
4445	4438
4380	4445
4320	4380
4386	4320
4365	4386
4344	4365
4350	4344
4343	4350
4337	4343
4408	4337
4330	4408
4163	4330
4221	4163
4410	4221
4381	4410
4346	4381
4485	4346
4435	4485
4433	4435
4510	4433
4214	4510
4574	4214
4392	4574
4389	4392
4295	4389
4356	4295
4315	4356
4314	4315
4251	4314
4409	4251
4233	4409
4319	4233
4340	4319
4425	4340
4400	4425
4310	4400
4309	4310
4341	4309
4324	4341
4311	4324
4289	4311
4286	4289
4473	4286
4519	4473
4458	4519
4370	4458
4332	4370
4229	4332
4236	4229
4265	4236
4313	4265
4264	4313
4232	4264
4331	4232
4312	4331
4266	4312
4307	4266
4305	4307
4167	4305
4273	4167
4204	4273
4230	4204
4142	4230
4336	4142
4203	4336
4115	4203
4412	4115
4263	4412
4291	4263
4252	4291
4414	4252
4490	4414
4497	4490
4476	4497
4434	4476
4308	4434
4304	4308
4394	4304
4421	4394
4217	4421
4117	4217
4439	4117
4277	4439
4114	4277
4118	4114
4146	4118
4385	4146
4262	4385
4155	4262
4094	4155
4122	4094
4109	4122
4083	4109
4112	4083
4140	4112
4383	4140
4271	4383
4172	4271
4288	4172
4268	4288
4259	4268
4258	4259
4342	4258
4253	4342
4272	4253
4428	4272
4301	4428
4300	4301
4299	4300
4302	4299
4260	4302
4297	4260
4276	4297
4242	4276
4231	4242
4149	4231
4145	4149
4171	4145
4168	4171
4137	4168
4270	4137
4183	4270
4157	4183
4177	4157
4287	4177
4250	4287
4292	4250
4306	4292
4303	4306
4255	4303
4237	4255
4193	4237
4150	4193
4247	4150
4267	4247
4244	4267
4415	4244
4238	4415
4329	4238
4339	4329
4338	4339
4325	4338
4322	4325
4275	4322
4224	4275
4254	4224
4218	4254
4285	4218
4281	4285
4202	4281
4151	4202
4182	4151
4249	4182
4371	4249
4169	4371
4165	4169
4179	4165
4361	4179
4110	4361
4103	4110
4088	4103
4449	4088
4593	4449
4589	4593
4363	4589
4351	4363
4223	4351
4216	4223
4129	4216
4128	4129
4284	4128
4063	4284
4066	4063
3959	4066
3974	3959
3929	3974
3914	3929
3904	3914
3882	3904
3867	3882
4081	3867
3946	4081
3984	3946
4161	3984
4187	4161
4239	4187
4210	4239
4134	4210
4209	4134
4156	4209
4139	4156
4051	4139
3972	4051
4188	3972
4023	4188
4143	4023
4274	4143
3997	4274
4046	3997
4052	4046
4136	4052
3982	4136
4005	3982
4032	4005
4186	4032
4108	4186
4050	4108
4245	4050
4213	4245
4196	4213
4201	4196
4225	4201
4189	4225
4107	4189
4138	4107
3919	4138
3971	3919
4087	3971
4158	4087
4121	4158
4379	4121
4317	4379
4084	4317
4234	4084
4021	4234
4026	4021
4194	4026
4024	4194
3901	4024
4007	3901
3922	4007
4086	3922
4113	4086
4105	4113
4075	4105
4003	4075
4106	4003
4076	4106
3764	4076
4261	3764
4077	4261
3949	4077
3935	3949
3992	3935
4093	3992
4164	4093
4099	4164
4004	4099
4148	4004
4127	4148
4016	4127
4160	4016
4040	4160
3721	4040
4123	3721
4228	4123
4067	4228
4038	4067
4006	4038
3964	4006
3915	3964
4065	3915
4089	4065
4047	4089
4064	4047
4131	4064
4096	4131
4019	4096
4054	4019
4162	4054
4020	4162
4042	4020
3934	4042
4071	3934
3884	4071
3872	3884
3850	3872
3855	3850
3604	3855
3951	3604
4080	3951
3903	4080
3889	3903
3879	3889
3911	3879
4366	3911
4176	4366
4111	4176
4102	4111
4092	4102
4082	4092
4061	4082
3960	4061
3942	3960
4175	3942
4070	4175
3993	4070
4152	3993
4098	4152
4030	4098
4191	4030
4144	4191
4207	4144
4147	4207
4141	4147
4044	4141
4072	4044
4159	4072
4184	4159
4220	4184
4328	4220
4459	4328
4256	4459
4205	4256
4174	4205
4079	4174
4097	4079
4073	4097
4027	4073
3950	4027
3921	3950
3998	3921
3880	3998
3987	3880
3888	3987
3898	3888
3894	3898
3908	3894
3802	3908
3883	3802
3983	3883
3980	3983
3943	3980
3854	3943
3909	3854
3906	3909
3890	3906
3876	3890
3962	3876
4053	3962
3975	4053
4018	3975
4029	4018
4031	4029
3939	4031
4008	3939
4135	4008
3933	4135
4002	3933
3944	4002
3927	3944
3912	3927
3844	3912
3831	3844
3813	3831
4243	3813
3870	4243
3824	3870
3837	3824
3886	3837
3878	3886
3858	3878
3848	3858
3845	3848
3828	3845
3817	3828
3814	3817
3822	3814
3778	3822
3699	3778
3507	3699
3643	3507
3793	3643
3825	3793
3777	3825
3765	3777
3784	3765
3763	3784
3759	3763
3650	3759
3602	3650
3792	3602
3779	3792
3818	3779
3729	3818
3728	3729
3827	3728
3996	3827
4418	3996
4198	4418
4104	4198
4001	4104
3978	4001
3907	3978
3970	3907
4294	3970
4124	4294
3989	4124
3988	3989
3967	3988
3948	3967
3945	3948
3905	3945
3973	3905
3986	3973
3938	3986
3887	3938
3925	3887
3869	3925
3966	3869
3881	3966
3849	3881
3963	3849
4100	3963
4373	4100
4130	4373
4120	4130
3961	4120
4011	3961
3985	4011
3847	3985
3864	3847
3852	3864
3851	3852
3815	3851
3812	3815
3788	3812
3821	3788
3913	3821
3856	3913
3857	3856
3846	3857
3790	3846
3523	3790
3760	3523
3701	3760
3947	3701
3747	3947
3632	3747
3612	3632
3991	3612
3775	3991
4036	3775
3675	4036
3618	3675
4014	3618
3928	4014
3930	3928
3926	3930
3816	3926
3736	3816
3642	3736
3611	3642
3669	3611
3685	3669
3624	3685
3956	3624
3860	3956
3931	3860
3871	3931
3823	3871
3801	3823
3615	3801
3746	3615
3752	3746
3781	3752
3684	3781
3952	3684
3941	3952
3965	3941
3895	3965
3916	3895
3892	3916
3936	3892
3932	3936
3873	3932
3891	3873
3809	3891
3807	3809
3770	3807
3868	3770
3859	3868
3798	3859
3893	3798
3861	3893
4074	3861
3917	4074
3902	3917
3900	3902
3735	3900
3786	3735
3897	3786
3896	3897
3877	3896
3829	3877
3841	3829
3842	3841
3840	3842
3835	3840
3808	3835
3725	3808
3741	3725
3853	3741
4010	3853
3863	4010
3969	3863
3957	3969
4012	3957
3979	4012
4078	3979
4048	4078
3990	4048
3981	3990
3955	3981
3843	3955
3754	3843
3923	3754
3683	3923
3885	3683
3791	3885
3724	3791
3744	3724
3830	3744
3776	3830
3704	3776
3722	3704
3726	3722
3820	3726
3782	3820
3536	3782
3874	3536
3875	3874
3745	3875
3734	3745
3693	3734
3834	3693
3838	3834
3800	3838
3797	3800
3806	3797
3804	3806
3783	3804
3799	3783
3811	3799
3795	3811
3836	3795
3833	3836
3706	3833
3707	3706
3528	3707
3796	3528
3787	3796
3794	3787
3712	3794
3717	3712
3696	3717
3732	3696
3715	3732
3702	3715
3694	3702
3540	3694
3692	3540
3547	3692
3531	3547
3543	3531
3529	3543
3511	3529
3562	3511
3527	3562
3498	3527
3512	3498
3515	3512
3522	3515
3595	3522
3716	3595
3619	3716
3731	3619
3714	3731
3766	3714
3483	3766
3994	3483
3920	3994
3832	3920
3937	3832
3730	3937
3493	3730
3772	3493
3558	3772
3953	3558
3995	3953
3977	3995
3954	3977
3976	3954
3924	3976
3968	3924
3682	3968
3910	3682
3780	3910
4009	3780
3940	4009
3757	3940
3667	3757
3657	3667
3666	3657
3755	3666
3671	3755
3743	3671
3659	3743
3636	3659
4049	3636
3750	4049
3839	3750
3756	3839
3623	3756
3605	3623
3647	3605
3677	3647
3564	3677
3691	3564
3862	3691
3711	3862
3865	3711
3740	3865
3626	3740
3662	3626
3580	3662
3708	3580
3703	3708
3686	3703
3689	3686
3758	3689
3737	3758
3753	3737
3768	3753
3803	3768
3785	3803
3761	3785
3771	3761
3805	3771
3554	3805
3609	3554
3665	3609
3645	3665
3640	3645
3639	3640
3678	3639
3672	3678
3668	3672
3644	3668
3572	3644
3727	3572
3497	3727
3583	3497
3567	3583
3490	3567
3588	3490
3680	3588
3681	3680
3616	3681
3661	3616
3603	3661
3652	3603
3653	3652
3599	3653
3622	3599
3656	3622
3899	3656
3748	3899
3664	3748
3739	3664
3663	3739
3723	3663
3713	3723
3480	3713
3679	3480
3826	3679
3762	3826
3738	3762
3555	3738
3481	3555
3719	3481
3553	3719
3654	3553
3749	3654
3635	3749
3630	3635
3628	3630
3620	3628
3568	3620
3569	3568
3592	3569
3658	3592
3673	3658
3674	3673
3742	3674
3629	3742
3573	3629
3627	3573
3637	3627
3720	3637
3560	3720
3670	3560
3370	3670
3425	3370
3548	3425
3574	3548
3676	3574
3819	3676
3417	3819
3404	3417
3361	3404
3535	3361
3465	3535
3411	3465
3426	3411
3330	3426
3314	3330
3468	3314
3391	3468
3360	3391
3552	3360
3513	3552
3479	3513
3687	3479
3751	3687
3646	3751
3634	3646
3598	3634
3412	3598
3593	3412
3585	3593
3597	3585
3525	3597
3424	3525
3413	3424
3613	3413
3638	3613
3546	3638
3709	3546
3544	3709
3541	3544
3532	3541
3608	3532
3705	3608
3733	3705
3537	3733
3420	3537
3444	3420
3506	3444
3503	3506
3631	3503
3606	3631
3698	3606
3533	3698
3492	3533
3470	3492
3325	3470
3421	3325
3403	3421
3419	3403
3383	3419
3381	3383
3333	3381
3437	3333
3695	3437
3710	3695
3648	3710
3601	3648
3591	3601
3579	3591
3566	3579
3459	3566
3487	3459
3641	3487
3518	3641
3432	3518
3345	3432
3336	3345
3614	3336
3587	3614
3538	3587
3516	3538
3467	3516
3504	3467
3496	3504
3520	3496
3530	3520
3526	3530
3508	3526
3584	3508
3517	3584
3460	3517
3454	3460
3193	3454
3455	3193
3471	3455
3469	3471
3700	3469
3473	3700
3464	3473
3456	3464
3452	3456
3447	3452
3438	3447
3450	3438
3448	3450
3441	3448
3212	3441
3279	3212
3374	3279
3596	3374
3651	3596
3625	3651
3590	3625
3577	3590
3565	3577
3559	3565
3575	3559
3405	3575
3386	3405
3384	3386
3475	3384
3449	3475
3556	3449
3302	3556
3371	3302
3354	3371
3458	3354
3382	3458
3589	3382
3545	3589
3514	3545
3505	3514
3502	3505
3286	3502
3261	3286
3349	3261
3491	3349
3461	3491
3501	3461
3500	3501
3486	3500
3484	3486
3476	3484
3443	3476
3318	3443
3237	3318
3150	3237
2980	3150
3409	2980
3434	3409
3433	3434
3401	3433
3436	3401
3435	3436
3439	3435
3431	3439
3427	3431
3316	3427
3376	3316
3063	3376
3293	3063
3328	3293
3290	3328
3301	3290
3294	3301
3253	3294
3192	3253
3576	3192
3542	3576
3539	3542
3422	3539
3489	3422
3395	3489
3400	3395
3586	3400
3372	3586
3310	3372
3357	3310
3362	3357
3594	3362
3600	3594
3571	3600
3499	3571
3344	3499
3329	3344
3335	3329
3338	3335
3347	3338
3305	3347
3340	3305
3581	3340
3563	3581
3392	3563
3363	3392
3368	3363
3379	3368
3578	3379
3570	3578
3561	3570
3557	3561
3550	3557
3397	3550
3378	3397
3375	3378
3373	3375
3414	3373
3399	3414
3582	3399
3416	3582
3364	3416
3440	3364
3415	3440
3474	3415
3495	3474
3451	3495
3466	3451
3463	3466
3339	3463
3462	3339
3482	3462
3510	3482
3174	3510
3206	3174
3408	3206
3356	3408
3352	3356
3288	3352
3233	3288
3115	3233
3457	3115
3534	3457
3472	3534
3046	3472
3171	3046
3210	3171
3326	3210
3327	3326
3324	3327
3358	3324
3323	3358
3315	3323
3186	3315
3407	3186
3348	3407
3810	3348
3697	3810
3488	3697
3430	3488
3389	3430
3287	3389
3410	3287
3406	3410
3390	3406
3307	3390
3291	3307
3387	3291
3300	3387
3276	3300
3268	3276
3551	3268
3341	3551
3342	3341
3332	3342
3292	3332
3295	3292
3262	3295
3303	3262
3346	3303
3423	3346
3319	3423
3317	3319
3298	3317
3264	3298
3252	3264
3203	3252
3265	3203
3245	3265
3208	3245
3234	3208
3230	3234
3263	3230
3320	3263
3494	3320
3259	3494
3398	3259
3377	3398
3380	3377
3272	3380
3281	3272
3248	3281
3229	3248
3289	3229
3244	3289
3219	3244
3191	3219
2996	3191
3001	2996
3091	3001
3149	3091
3195	3149
2990	3195
3428	2990
3095	3428
3083	3095
3093	3083
3396	3093
3343	3396
3446	3343
3306	3446
3385	3306
3173	3385
3367	3173
3297	3367
3148	3297
3156	3148
3141	3156
3365	3141
3322	3365
3313	3322
3309	3313
3277	3309
3188	3277
3235	3188
3284	3235
3218	3284
3477	3218
3285	3477
3549	3285
3337	3549
3197	3337
3524	3197
3478	3524
3275	3478
3202	3275
3215	3202
3209	3215
3108	3209
3043	3108
3075	3043
3070	3075
3222	3070
3161	3222
3269	3161
3240	3269
3106	3240
3221	3106
3280	3221
3308	3280
3256	3308
3250	3256
3247	3250
3214	3247
3199	3214
3176	3199
3178	3176
3266	3178
3351	3266
3081	3351
3274	3081
3255	3274
3232	3255
3182	3232
3189	3182
3369	3189
3485	3369
3132	3485
3136	3132
3184	3136
3107	3184
3167	3107
3142	3167
3125	3142
3312	3125
3211	3312
3236	3211
3359	3236
3331	3359
3270	3331
3273	3270
3607	3273
3321	3607
3311	3321
3296	3311
3418	3296
3350	3418
3334	3350
3196	3334
3187	3196
3152	3187
3278	3152
3257	3278
3254	3257
3267	3254
3271	3267
3183	3271
3242	3183
3159	3242
3110	3159
3157	3110
3225	3157
3283	3225
3282	3283
3260	3282
3258	3260
3249	3258
3207	3249
3105	3207
3137	3105
3024	3137
2946	3024
3058	2946
3036	3058
2910	3036
3238	2910
3170	3238
3042	3170
2972	3042
2970	2972
2965	2970
3088	2965
3089	3088
3442	3089
3299	3442
3096	3299
3304	3096
2989	3304
3099	2989
3204	3099
3134	3204
3241	3134
3079	3241
3025	3079
3175	3025
3128	3175
3098	3128
3138	3098
3177	3138
3084	3177
3031	3084
3121	3031
3114	3121
3118	3114
3116	3118
3016	3116
3014	3016
3030	3014
3026	3030
3049	3026
3172	3049
3251	3172
3224	3251
3213	3224
3179	3213
3228	3179
3067	3228
3029	3067
3131	3029
3127	3131
3139	3127
3101	3139
2981	3101
3133	2981
3052	3133
2977	3052
2940	2977
2930	2940
3044	2930
3163	3044
3144	3163
3080	3144
3057	3080
3055	3057
3040	3055
3007	3040
2994	3007
3453	2994
3151	3453
3226	3151
3190	3226
3185	3190
3103	3185
3082	3103
3068	3082
3015	3068
2932	3015
2893	2932
3045	2893
2986	3045
3069	2986
3393	3069
3445	3393
3201	3445
3153	3201
3086	3153
3102	3086
3429	3102
3388	3429
3077	3388
3076	3077
3085	3076
3147	3085
3143	3147
3087	3143
3060	3087
3090	3060
3003	3090
3073	3003
3109	3073
3035	3109
2961	3035
2956	2961
3010	2956
3056	3010
3064	3056
2993	3064
3072	2993
2964	3072
3054	2964
3065	3054
2979	3065
3048	2979
3066	3048
3061	3066
3037	3061
3039	3037
2982	3039
3005	2982
2916	3005
2971	2916
3074	2971
3038	3074
3355	3038
2969	3355
2927	2969
2978	2927
2926	2978
3008	2926
3120	3008
3113	3120
3117	3113
3018	3117
3033	3018
3009	3033
3119	3009
3126	3119
3165	3126
3160	3165
3164	3160
3104	3164
3041	3104
3022	3041
2945	3022
2919	2945
2849	2919
3140	2849
3129	3140
3111	3129
3019	3111
2833	3019
2789	2833
2831	2789
2840	2831
3028	2840
2750	3028
3006	2750
2805	3006
2858	2805
2934	2858
2931	2934
2835	2931
2726	2835
2716	2726
2681	2716
2700	2681
3027	2700
2698	3027
2630	2698
2743	2630
3000	2743
3353	3000
3092	3353
3145	3092
2955	3145
3071	2955
3146	3071
3012	3146
2959	3012
2976	2959
2875	2976
2876	2875
2900	2876
2864	2900
2660	2864
2921	2660
2793	2921
2667	2793
2984	2667
2975	2984
2938	2975
2954	2938
3166	2954
3112	3166
2906	3112
2905	2906
2929	2905
2951	2929
2915	2951
2963	2915
2944	2963
3013	2944
3059	3013
3034	3059
3168	3034
3155	3168
3021	3155
3051	3021
2958	3051
2842	2958
2837	2842
3130	2837
2851	3130
2838	2851
2810	2838
2884	2810
2968	2884
3050	2968
2890	3050
3017	2890
2817	3017
2808	2817
2767	2808
2953	2767
2999	2953
2991	2999
2985	2991
2987	2985
3047	2987
3004	3047
2824	3004
2947	2824
2804	2947
2768	2804
2899	2768
2892	2899
2988	2892
3011	2988
2973	3011
2983	2973
2891	2983
2859	2891
2856	2859
2950	2856
2923	2950
2850	2923
2854	2850
2829	2854
2728	2829
2896	2728
2887	2896
2814	2887
2682	2814
2676	2682
2651	2676
2914	2651
2957	2914
2949	2957
2920	2949
2974	2920
2962	2974
2922	2962
2911	2922
2937	2911
2913	2937
2885	2913
2886	2885
2998	2886
2995	2998
2967	2995
3032	2967
2941	3032
2845	2941
2952	2845
2897	2952
2943	2897
2912	2943
2863	2912
2688	2863
2861	2688
2936	2861
2939	2936
2873	2939
2796	2873
2878	2796
2908	2878
2898	2908
2889	2898
2888	2889
2894	2888
2881	2894
2868	2881
2907	2868
2918	2907
2924	2918
2871	2924
2880	2871
2902	2880
3002	2902
2862	3002
2802	2862
2770	2802
2865	2770
2785	2865
2762	2785
2558	2762
2650	2558
2857	2650
2855	2857
2763	2855
2622	2763
2642	2622
2686	2642
2626	2686
2706	2626
2619	2706
2580	2619
2572	2580
2609	2572
2616	2609
2606	2616
2496	2606
2759	2496
2860	2759
2869	2860
2787	2869
2758	2787
2879	2758
2786	2879
2797	2786
2795	2797
2791	2795
2773	2791
2772	2773
2776	2772
2874	2776
2895	2874
2777	2895
2803	2777
2901	2803
2909	2901
2867	2909
2866	2867
2799	2866
2798	2799
2917	2798
2807	2917
2811	2807
2903	2811
2818	2903
2784	2818
2779	2784
2790	2779
2710	2790
2695	2710
2679	2695
2788	2679
2771	2788
2766	2771
2848	2766
2852	2848
2834	2852
2843	2834
2550	2843
2780	2550
2774	2780
2725	2774
2671	2725
2680	2671
2877	2680
2992	2877
2754	2992
2708	2754
2933	2708
2714	2933
2769	2714
2830	2769
2841	2830
3122	2841
2832	3122
2839	2832
2925	2839
2736	2925
3078	2736
3062	3078
3053	3062
2883	3053
2882	2883
2820	2882
2741	2820
2613	2741
2610	2613
2673	2610
2836	2673
2812	2836
2942	2812
2960	2942
2904	2960
2825	2904
2813	2825
2734	2813
2722	2734
2815	2722
2782	2815
2723	2782
2704	2723
2699	2704
2827	2699
2745	2827
2721	2745
2737	2721
2778	2737
2806	2778
2720	2806
2712	2720
2692	2712
2672	2692
2583	2672
2654	2583
2395	2654
2549	2395
2718	2549
2717	2718
2823	2717
2733	2823
2755	2733
2747	2755
2604	2747
2564	2604
2543	2564
2474	2543
2485	2474
2555	2485
2621	2555
2629	2621
2705	2629
2783	2705
2828	2783
2853	2828
2844	2853
2819	2844
2732	2819
2596	2732
2559	2596
2574	2559
2735	2574
2701	2735
2561	2701
2507	2561
2662	2507
2826	2662
2781	2826
2757	2781
2742	2757
2792	2742
2760	2792
2633	2760
2611	2633
2575	2611
2690	2575
2669	2690
2663	2669
2657	2663
2577	2657
2607	2577
2816	2607
2870	2816
2935	2870
2928	2935
2846	2928
2794	2846
2687	2794
2553	2687
2707	2553
2678	2707
2656	2678
2528	2656
2648	2528
2476	2648
2432	2476
2422	2432
2409	2422
2400	2409
2208	2400
2391	2208
2420	2391
2684	2420
2534	2684
2497	2534
2719	2497
2618	2719
2635	2618
2539	2635
2514	2539
2666	2514
2463	2666
2647	2463
2509	2647
2351	2509
2468	2351
2399	2468
2450	2399
2694	2450
2948	2694
2872	2948
2822	2872
2801	2822
2800	2801
2659	2800
2664	2659
2693	2664
2761	2693
2677	2761
2532	2677
2479	2532
2689	2479
2775	2689
2655	2775
2557	2655
2545	2557
2653	2545
2602	2653
2332	2602
2552	2332
2535	2552
2608	2535
2590	2608
2548	2590
2536	2548
2809	2536
2646	2809
2638	2646
2634	2638
2615	2634
2587	2615
2588	2587
2765	2588
2753	2765
2661	2753
2578	2661
2488	2578
2475	2488
2589	2475
2696	2589
2675	2696
2670	2675
2652	2670
2631	2652
2674	2631
2685	2674
2632	2685
2581	2632
2612	2581
2530	2612
2492	2530
2546	2492
2490	2546
2537	2490
2511	2537
2374	2511
2628	2374
2683	2628
2586	2683
2639	2586
2598	2639
2458	2598
2625	2458
2668	2625
2567	2668
2563	2567
2585	2563
2571	2585
2570	2571
2579	2570
2658	2579
2524	2658
2582	2524
2521	2582
2292	2521
2508	2292
2483	2508
2425	2483
2355	2425
2258	2355
2230	2258
2223	2230
2297	2223
2242	2297
2469	2242
2519	2469
2565	2519
2568	2565
2709	2568
2715	2709
2498	2715
2413	2498
2265	2413
2304	2265
2421	2304
2276	2421
2256	2276
2440	2256
2437	2440
2603	2437
2623	2603
2592	2623
2595	2592
2601	2595
2599	2601
2594	2599
2591	2594
2455	2591
2366	2455
2517	2366
2354	2517
2358	2354
2345	2358
2341	2345
2334	2341
2350	2334
2382	2350
2502	2382
2493	2502
2491	2493
2365	2491
2274	2365
2241	2274
2346	2241
2379	2346
2373	2379
2489	2373
2542	2489
2605	2542
2435	2605
2426	2435
2377	2426
2367	2377
2361	2367
2321	2361
2359	2321
2503	2359
2369	2503
2357	2369
2342	2357
2340	2342
2343	2340
2310	2343
2311	2310
2333	2311
2319	2333
2307	2319
2308	2307
2309	2308
2515	2309
2541	2515
2544	2541
2495	2544
2525	2495
2531	2525
2566	2531
2540	2566
2397	2540
2516	2397
2512	2516
2487	2512
2370	2487
2451	2370
2360	2451
2478	2360
2527	2478
2522	2527
2424	2522
2415	2424
2505	2415
2569	2505
2551	2569
2560	2551
2480	2560
2477	2480
2472	2477
2538	2472
2597	2538
2513	2597
2504	2513
2600	2504
2449	2600
2749	2449
2636	2749
2576	2636
2554	2576
2526	2554
2523	2526
2501	2523
2506	2501
2453	2506
2446	2453
2423	2446
2429	2423
2529	2429
2444	2529
2320	2444
2547	2320
2764	2547
2372	2764
2364	2372
2520	2364
2499	2520
2510	2499
2500	2510
2462	2500
2486	2462
2448	2486
2533	2448
2556	2533
2419	2556
2417	2419
2427	2417
2418	2427
2317	2418
2349	2317
2204	2349
2171	2204
2143	2171
2170	2143
2338	2170
2380	2338
2291	2380
2460	2291
2643	2460
2624	2643
2584	2624
2573	2584
2562	2573
2470	2562
2411	2470
2412	2411
2394	2412
2452	2394
2322	2452
2285	2322
2222	2285
2211	2222
2237	2211
2231	2237
2457	2231
2273	2457
2459	2273
2464	2459
2433	2464
2404	2433
2403	2404
2389	2403
2461	2389
2494	2461
2456	2494
2484	2456
2296	2484
2481	2296
2441	2481
2325	2441
2251	2325
2376	2251
2445	2376
2443	2445
2375	2443
2347	2375
2313	2347
2262	2313
2318	2262
2691	2318
2740	2691
2665	2740
2593	2665
2442	2593
2385	2442
2124	2385
2164	2124
2336	2164
2356	2336
2267	2356
2329	2267
2305	2329
2152	2305
2180	2152
2108	2180
2197	2108
2155	2197
2136	2155
2328	2136
2299	2328
2316	2299
2268	2316
2238	2268
2362	2238
2295	2362
2348	2295
2219	2348
2288	2219
2473	2288
2352	2473
2339	2352
2254	2339
2465	2254
2436	2465
2402	2436
2471	2402
2454	2471
2447	2454
2312	2447
2518	2312
2428	2518
2283	2428
2173	2283
2165	2173
1942	2165
2277	1942
1954	2277
1947	1954
2392	1947
2250	2392
2246	2250
2240	2246
2228	2240
2179	2228
2174	2179
2166	2174
2185	2166
2260	2185
2284	2260
2261	2284
2191	2261
2247	2191
2314	2247
2264	2314
2156	2264
2153	2156
2202	2153
2105	2202
2086	2105
2097	2086
2371	2097
2331	2371
2315	2331
2081	2315
2079	2081
2075	2079
2058	2075
2113	2058
2282	2113
2466	2282
2344	2466
2467	2344
2383	2467
2272	2383
2302	2272
2253	2302
2243	2253
2214	2243
2244	2214
2363	2244
2293	2363
2233	2293
2482	2233
2257	2482
2226	2257
2151	2226
2176	2151
2368	2176
2337	2368
2172	2337
2294	2172
2157	2294
2137	2157
2099	2137
2132	2099
2133	2132
2117	2133
2072	2117
2026	2072
1953	2026
2092	1953
1687	2092
2062	1687
2110	2062
2080	2110
2045	2080
1997	2045
2269	1997
2190	2269
2167	2190
2051	2167
2181	2051
2298	2181
2279	2298
2090	2279
2070	2090
2032	2070
2021	2032
2327	2021
2175	2327
2025	2175
2100	2025
2323	2100
2128	2323
2098	2128
1853	2098
2201	1853
2306	2201
2278	2306
2198	2278
2406	2198
2275	2406
2401	2275
2405	2401
2378	2405
2407	2378
2324	2407
2287	2324
2303	2287
2286	2303
2050	2286
2158	2050
2255	2158
2236	2255
2227	2236
2189	2227
2195	2189
2205	2195
2229	2205
2353	2229
2335	2353
2259	2335
2245	2259
2220	2245
2200	2220
2210	2200
2209	2210
2225	2209
2398	2225
2252	2398
2266	2252
2270	2266
2248	2270
2239	2248
2135	2239
2067	2135
2022	2067
1921	2022
1906	1921
2145	1906
2093	2145
2096	2093
2059	2096
2033	2059
2082	2033
2011	2082
2007	2011
2003	2007
2300	2003
2301	2300
2330	2301
2106	2330
2103	2106
2095	2103
2102	2095
2184	2102
2069	2184
2149	2069
2271	2149
2074	2271
2068	2074
2057	2068
2043	2057
2199	2043
2071	2199
2066	2071
2061	2066
2055	2061
2085	2055
2281	2085
2076	2281
2119	2076
2235	2119
2178	2235
2221	2178
2280	2221
2249	2280
2215	2249
2232	2215
2138	2232
2088	2138
2078	2088
2064	2078
2089	2064
2077	2089
2083	2077
2063	2083
2056	2063
2094	2056
2187	2094
2161	2187
2188	2161
2196	2188
2207	2196
2194	2207
2118	2194
2177	2118
2213	2177
2182	2213
2054	2182
2018	2054
2148	2018
2206	2148
2193	2206
2150	2193
2186	2150
2192	2186
1877	2192
1958	1877
2030	1958
1869	2030
1987	1869
2162	1987
2019	2162
2014	2019
1968	2014
2114	1968
2168	2114
2163	2168
2049	2163
2046	2049
2042	2046
2040	2042
2053	2040
2073	2053
2038	2073
2028	2038
2001	2028
2009	2001
1880	2009
1867	1880
2000	1867
1996	2000
2048	1996
1976	2048
2047	1976
1985	2047
1904	1985
1932	1904
2104	1932
2139	2104
2023	2139
1933	2023
1930	1933
1924	1930
1955	1924
2060	1955
2013	2060
2005	2013
2006	2005
1973	2006
1848	1973
1837	1848
1809	1837
1989	1809
1805	1989
1724	1805
1721	1724
1710	1721
1742	1710
1812	1742
1919	1812
2160	1919
2154	2160
1972	2154
1920	1972
1929	1920
1882	1929
2037	1882
2036	2037
2029	2036
2034	2029
1991	2034
1993	1991
2024	1993
2016	2024
1988	2016
1977	1988
1990	1977
1969	1990
2326	1969
2159	2326
2052	2159
2065	2052
1964	2065
2044	1964
2010	2044
1911	2010
1847	1911
1829	1847
1801	1829
1685	1801
1587	1685
1881	1587
2218	1881
1994	2218
2004	1994
2131	2004
2101	2131
1995	2101
1914	1995
1913	1914
1895	1913
1978	1895
1984	1978
2035	1984
2039	2035
1998	2039
1901	1998
1974	1901
1806	1974
1819	1806
2017	1819
1910	2017
1875	1910
1887	1875
1876	1887
1841	1876
2020	1841
1999	2020
1959	1999
1898	1959
1827	1898
1868	1827
1874	1868
1871	1874
1864	1871
1849	1864
1889	1849
1883	1889
1952	1883
2127	1952
1956	2127
1951	1956
1950	1951
1961	1950
1962	1961
2183	1962
1940	2183
1948	1940
1949	1948
2031	1949
1965	2031
1937	1965
1893	1937
1916	1893
1865	1916
1767	1865
1903	1767
2041	1903
1971	2041
1900	1971
1944	1900
1939	1944
1927	1939
1786	1927
1858	1786
1891	1858
1862	1891
1842	1862
2091	1842
2012	2091
1975	2012
1934	1975
2084	1934
1838	2084
1789	1838
1751	1789
1771	1751
1970	1771
1909	1970
1879	1909
1878	1879
1822	1878
1825	1822
1794	1825
1813	1794
1815	1813
1770	1815
1873	1770
1872	1873
1861	1872
1855	1861
1728	1855
1661	1728
1761	1661
1828	1761
1979	1828
1923	1979
1824	1923
1839	1824
1980	1839
1816	1980
1759	1816
1832	1759
2002	1832
1986	2002
1931	1986
1744	1931
1983	1744
1866	1983
1992	1866
1888	1992
1894	1888
2123	1894
2027	2123
1941	2027
2109	1941
1963	2109
1945	1963
1935	1945
1928	1935
1765	1928
1748	1765
1845	1748
1834	1845
1938	1834
1811	1938
1859	1811
1778	1859
1922	1778
1892	1922
1555	1892
1509	1555
1482	1509
1846	1482
1821	1846
1719	1821
1808	1719
1736	1808
1804	1736
1717	1804
1619	1717
1747	1619
1647	1747
1694	1647
1583	1694
1565	1583
1697	1565
1706	1697
1738	1706
1648	1738
1712	1648
1727	1712
1817	1727
1982	1817
1814	1982
1981	1814
1802	1981
2087	1802
2015	2087
2008	2015
1830	2008
1799	1830
1897	1799
1857	1897
1826	1857
1800	1826
1810	1800
1850	1810
1818	1850
1831	1818
1798	1831
1908	1798
1899	1908
1863	1899
1852	1863
1856	1852
1768	1856
1917	1768
1905	1917
1843	1905
1779	1843
1664	1779
1760	1664
1766	1760
1696	1766
1773	1696
1725	1773
1907	1725
1844	1907
1823	1844
1870	1823
1918	1870
1764	1918
1886	1764
1840	1886
2290	1840
2126	2290
1966	2126
1890	1966
1620	1890
1616	1620
1558	1616
1521	1558
1608	1521
1756	1608
1729	1756
1757	1729
1651	1757
1957	1651
1946	1957
1784	1946
1776	1784
1699	1776
1689	1699
1670	1689
1483	1670
1628	1483
1659	1628
1656	1659
1780	1656
1732	1780
1925	1732
1936	1925
1884	1936
1763	1884
1590	1763
1511	1590
1663	1511
1638	1663
1820	1638
1746	1820
1718	1746
1860	1718
1836	1860
1675	1836
1740	1675
1774	1740
1807	1774
1803	1807
1607	1803
1737	1607
1723	1737
1630	1723
1792	1630
1692	1792
1598	1692
1795	1598
1775	1795
1629	1775
1605	1629
1783	1605
1777	1783
1762	1777
1686	1762
1782	1686
1781	1782
1833	1781
1752	1833
1726	1752
1673	1726
1793	1673
1926	1793
1854	1926
1769	1854
1682	1769
1600	1682
1562	1600
1611	1562
1624	1611
1546	1624
1506	1546
1571	1506
1676	1571
1714	1676
1560	1714
1722	1560
1556	1722
1548	1556
1530	1548
1635	1530
1797	1635
1788	1797
1567	1788
1720	1567
1711	1720
1612	1711
1739	1612
1700	1739
1960	1700
1912	1960
1758	1912
1835	1758
1657	1835
1654	1657
1750	1654
1640	1750
1665	1640
1681	1665
1691	1681
1713	1691
1674	1713
1512	1674
1460	1512
1494	1460
1655	1494
1643	1655
1466	1643
1672	1466
1646	1672
1772	1646
1690	1772
1678	1690
1510	1678
1508	1510
1504	1508
1467	1504
1473	1467
1787	1473
1645	1787
1668	1645
1639	1668
1498	1639
1527	1498
1650	1527
1431	1650
1452	1431
1572	1452
1796	1572
1754	1796
1741	1754
1615	1741
1702	1615
1634	1702
1606	1634
1603	1606
1626	1603
1579	1626
1709	1579
1636	1709
1627	1636
1593	1627
1569	1593
1547	1569
1545	1547
1538	1545
1539	1538
1541	1539
1731	1541
1716	1731
1595	1716
1617	1595
1570	1617
1532	1570
1423	1532
1326	1423
1445	1326
1658	1445
1514	1658
1438	1514
1497	1438
1644	1497
1642	1644
1637	1642
1604	1637
1632	1604
1501	1632
1486	1501
1436	1486
1623	1436
1448	1623
1461	1448
1550	1461
1421	1550
1602	1421
1540	1602
1613	1540
1708	1613
1790	1708
1734	1790
1707	1734
1614	1707
1791	1614
1745	1791
1735	1745
1609	1735
1621	1609
1588	1621
1573	1588
1417	1573
1385	1417
1412	1385
1426	1412
1559	1426
1528	1559
1518	1528
1425	1518
1520	1425
1410	1520
1534	1410
1537	1534
1531	1537
1525	1531
1519	1525
1526	1519
1580	1526
1554	1580
1535	1554
1563	1535
1413	1563
1422	1413
1462	1422
1427	1462
1424	1427
1418	1424
1522	1418
1481	1522
1355	1481
1267	1355
1432	1267
1464	1432
1233	1464
1381	1233
1359	1381
1325	1359
1503	1325
1455	1503
1484	1455
1485	1484
1320	1485
1465	1320
1370	1465
1574	1370
1633	1574
1618	1633
1622	1618
1597	1622
1715	1597
1755	1715
1743	1755
1649	1743
1475	1649
1488	1475
1499	1488
1428	1499
1684	1428
1730	1684
1705	1730
1641	1705
1610	1641
1666	1610
1578	1666
1596	1578
1492	1596
1599	1492
1585	1599
1625	1585
1582	1625
1561	1582
1471	1561
1495	1471
1458	1495
1591	1458
1552	1591
1549	1552
1407	1549
1389	1407
1594	1389
1733	1594
1753	1733
1631	1753
1601	1631
1589	1601
1575	1589
1653	1575
1584	1653
1478	1584
1529	1478
1472	1529
1496	1472
1450	1496
1375	1450
1284	1375
1006	1284
1577	1006
1487	1577
1476	1487
1401	1476
1404	1401
1403	1404
1397	1403
1372	1397
1383	1372
1408	1383
1398	1408
1391	1398
1378	1391
1376	1378
1395	1376
1402	1395
1416	1402
1399	1416
1415	1399
1414	1415
1390	1414
1384	1390
1394	1384
1419	1394
1544	1419
1581	1544
1542	1581
1283	1542
1373	1283
1446	1373
1437	1446
1435	1437
1341	1435
1297	1341
1568	1297
1348	1568
1533	1348
1335	1533
1553	1335
1586	1553
1490	1586
1440	1490
1343	1440
1513	1343
1502	1513
1551	1502
1469	1551
1491	1469
1516	1491
1493	1516
1566	1493
1470	1566
1396	1470
1294	1396
1293	1294
1290	1293
1302	1290
1316	1302
1296	1316
1288	1296
1454	1288
1457	1454
1439	1457
1441	1439
1456	1441
1480	1456
1451	1480
1429	1451
1358	1429
1232	1358
1443	1232
1349	1443
1517	1349
1500	1517
1489	1500
1468	1489
1374	1468
1362	1374
1276	1362
1336	1276
1576	1336
1406	1576
1543	1406
1524	1543
1405	1524
1306	1405
1281	1306
1274	1281
1247	1274
1300	1247
1536	1300
1346	1536
1249	1346
1279	1249
1303	1279
1289	1303
1286	1289
1251	1286
1156	1251
1201	1156
1192	1201
1260	1192
1307	1260
1479	1307
1447	1479
1352	1447
1434	1352
1354	1434
1449	1354
1463	1449
1430	1463
1351	1430
1338	1351
1353	1338
1318	1353
1271	1318
1237	1271
1219	1237
1230	1219
1195	1230
1144	1195
1317	1144
1270	1317
1327	1270
1256	1327
1379	1256
1392	1379
1377	1392
1371	1377
1369	1371
1382	1369
1005	1382
1250	1005
1523	1250
1411	1523
1305	1411
1360	1305
1592	1360
1242	1592
1210	1242
1099	1210
1128	1099
1239	1128
1187	1239
1213	1187
1227	1213
1337	1227
1345	1337
1126	1345
1226	1126
1229	1226
1386	1229
1368	1386
1315	1368
1269	1315
1225	1269
1203	1225
1350	1203
1339	1350
1332	1339
1342	1332
1311	1342
1308	1311
1344	1308
1240	1344
1085	1240
1243	1085
1323	1243
1222	1323
1199	1222
1263	1199
1241	1263
1158	1241
1136	1158
1275	1136
1245	1275
1224	1245
1206	1224
1252	1206
1287	1252
1477	1287
1340	1477
1292	1340
1261	1292
1268	1261
1387	1268
1380	1387
1333	1380
1312	1333
1234	1312
1180	1234
1182	1180
1254	1182
1329	1254
1304	1329
1330	1304
1309	1330
1235	1309
1257	1235
1190	1257
1258	1190
1165	1258
1314	1165
1259	1314
1238	1259
1023	1238
1202	1023
1133	1202
1108	1133
1117	1108
1115	1117
1129	1115
1110	1129
1215	1110
1331	1215
1231	1331
1299	1231
1409	1299
1420	1409
1298	1420
1282	1298
1255	1282
1223	1255
1124	1223
1148	1124
1172	1148
1507	1172
1453	1507
1444	1453
1433	1444
1442	1433
1400	1442
1334	1400
1324	1334
1310	1324
1322	1310
1236	1322
1217	1236
1347	1217
1266	1347
1186	1266
1177	1186
1127	1177
1119	1127
1077	1119
1140	1077
1214	1140
1131	1214
1107	1131
1216	1107
1064	1216
955	1064
850	955
1183	850
1205	1183
1139	1205
1135	1139
1137	1135
1166	1137
1170	1166
1169	1170
1159	1169
1003	1159
977	1003
1157	977
1151	1157
1273	1151
1092	1273
1120	1092
1083	1120
1075	1083
1068	1075
973	1068
979	973
1096	979
1033	1096
1218	1033
1081	1218
1071	1081
861	1071
1171	861
1246	1171
1280	1246
1198	1280
1272	1198
1262	1272
1181	1262
1363	1181
1367	1363
1365	1367
1361	1365
1264	1361
1228	1264
1197	1228
1278	1197
1285	1278
1321	1285
1366	1321
1364	1366
1291	1364
1253	1291
1393	1253
1388	1393
1277	1388
1265	1277
1173	1265
1152	1173
986	1152
998	986
1076	998
1090	1076
1050	1090
1189	1050
1116	1189
1112	1116
1089	1112
1149	1089
1175	1149
1174	1175
1167	1174
1143	1167
1062	1143
999	1062
829	999
992	829
754	992
1118	754
1063	1118
1211	1063
1212	1211
1141	1212
1196	1141
1101	1196
1184	1101
1102	1184
1037	1102
1038	1037
1048	1038
1041	1048
1034	1041
1016	1034
1145	1016
1142	1145
1046	1142
1029	1046
1026	1029
1200	1026
1221	1200
1028	1221
1021	1028
1209	1021
1301	1209
1357	1301
1295	1357
1036	1295
1122	1036
1160	1122
1044	1160
1153	1044
1123	1153
1204	1123
1194	1204
1146	1194
1208	1146
1188	1208
1067	1188
1047	1067
1035	1047
1100	1035
1103	1100
1065	1103
908	1065
991	908
1012	991
1179	1012
1178	1179
1248	1178
1163	1248
1097	1163
1051	1097
1018	1051
1109	1018
981	1109
962	981
1017	962
1176	1017
1168	1176
1185	1168
994	1185
996	994
959	996
997	959
1162	997
1191	1162
1030	1191
1207	1030
990	1207
1007	990
1154	1007
924	1154
1015	924
753	1015
941	753
1054	941
1091	1054
1111	1091
971	1111
993	971
919	993
837	919
763	837
755	763
745	755
1079	745
1114	1079
1130	1114
1032	1130
929	1032
913	929
1220	913
1164	1220
1121	1164
1138	1121
819	1138
956	819
949	956
939	949
1000	939
942	1000
950	942
982	950
879	982
918	879
1019	918
1008	1019
988	1008
1013	988
1045	1013
1014	1045
1004	1014
1061	1004
1001	1061
995	1001
987	995
978	987
943	978
954	943
1002	954
967	1002
960	967
934	960
889	934
862	889
965	862
947	965
945	947
869	945
1155	869
1106	1155
1082	1106
958	1082
1070	958
859	1070
921	859
905	921
840	905
876	840
857	876
930	857
933	930
1025	933
1027	1025
1104	1027
1056	1104
1049	1056
1043	1049
1020	1043
985	1020
1031	985
957	1031
983	957
976	983
970	976
975	970
1040	975
951	1040
937	951
912	937
885	912
904	885
984	904
936	984
948	936
890	948
926	890
969	926
906	969
1039	906
931	1039
909	931
868	909
1066	868
809	1066
756	809
1134	756
1161	1134
1125	1161
944	1125
875	944
804	875
689	804
911	689
907	911
896	907
1072	896
1147	1072
1113	1147
830	1113
802	830
801	802
1244	801
1024	1244
974	1024
1105	974
1074	1105
734	1074
737	734
772	737
722	772
714	722
717	714
712	717
1078	712
768	1078
685	768
615	685
688	615
693	688
648	693
669	648
716	669
844	716
798	844
964	798
927	964
828	927
894	828
946	894
854	946
1010	854
902	1010
806	902
784	806
932	784
817	932
838	817
792	838
899	792
923	899
900	923
1150	900
963	1150
952	963
910	952
928	910
874	928
816	874
852	816
903	852
886	903
884	886
864	884
860	864
863	860
842	863
866	842
872	866
895	872
1055	895
989	1055
922	989
1095	922
916	1095
891	916
898	891
888	898
882	888
825	882
938	825
805	938
832	805
794	832
881	794
917	881
980	917
1009	980
915	1009
893	915
887	893
808	887
777	808
810	777
839	810
812	839
568	812
765	568
704	765
695	704
706	695
750	706
682	750
605	682
670	605
865	670
901	865
961	901
972	961
878	972
873	878
849	873
791	849
790	791
940	790
877	940
953	877
935	953
762	935
638	762
709	638
713	709
775	713
783	775
795	783
774	795
789	774
867	789
880	867
846	880
787	846
833	787
807	833
770	807
827	770
736	827
1042	736
681	1042
793	681
781	793
759	781
739	759
683	739
589	683
580	589
914	580
966	914
823	966
803	823
769	803
680	769
597	680
621	597
402	621
558	402
742	558
663	742
616	663
594	616
524	594
585	524
679	585
637	679
512	637
684	512
749	684
746	749
721	746
701	721
751	701
724	751
733	724
668	733
672	668
664	672
720	664
609	720
603	609
608	603
673	608
665	673
617	665
612	617
691	612
731	691
652	731
650	652
618	650
611	618
723	611
834	723
811	834
511	811
845	511
853	845
453	853
836	453
796	836
572	796
541	572
478	541
586	478
339	586
662	339
517	662
633	517
649	633
667	649
646	667
591	646
599	591
666	599
619	666
579	619
702	579
676	702
634	676
606	634
630	606
743	630
699	743
818	699
892	818
855	892
778	855
797	778
697	797
643	697
815	643
820	815
835	820
710	835
730	710
747	730
678	747
785	678
696	785
779	696
555	779
548	555
826	548
813	826
799	813
566	799
800	566
920	800
851	920
786	851
767	786
560	767
773	560
788	773
430	788
554	430
532	554
476	532
552	476
455	552
654	455
577	654
561	577
776	561
659	776
623	659
521	623
528	521
574	528
636	574
527	636
677	527
661	677
601	661
590	601
581	590
519	581
629	519
531	629
514	531
534	514
525	534
645	525
651	645
692	651
553	692
471	553
544	471
564	544
655	564
660	655
744	660
675	744
640	675
565	640
600	565
535	600
526	535
504	526
546	504
707	546
705	707
389	705
461	389
687	461
622	687
493	622
510	493
644	510
925	644
1022	925
858	1022
847	858
831	847
841	831
883	841
856	883
843	856
848	843
822	848
821	822
824	821
782	824
780	782
718	780
671	718
764	671
631	764
624	631
614	624
690	614
814	690
703	814
569	703
500	569
598	500
771	598
766	771
698	766
492	698
642	492
658	642
371	658
539	371
656	539
760	656
627	760
626	627
576	626
497	576
542	497
639	542
563	639
628	563
480	628
530	480
635	530
567	635
562	567
477	562
475	477
468	475
448	468
549	448
551	549
536	551
740	536
540	740
451	540
436	451
421	436
674	421
653	674
474	653
409	474
452	409
332	452
434	332
458	434
625	458
587	625
556	587
484	556
437	484
520	437
495	520
491	495
463	491
375	463
373	375
288	373
482	288
496	482
516	496
610	516
647	610
575	647
498	575
494	498
570	494
613	570
490	613
584	490
513	584
515	513
538	515
358	538
501	358
418	501
439	418
412	439
406	412
503	406
522	503
508	522
502	508
462	502
481	462
488	481
485	488
457	485
362	457
400	362
411	400
372	411
368	372
518	368
573	518
433	573
414	433
282	414
446	282
467	446
557	467
550	557
443	550
408	443
281	408
364	281
346	364
249	346
466	249
341	466
442	341
450	442
578	450
657	578
509	657
416	509
283	416
268	283
321	268
246	321
429	246
383	429
419	383
456	419
483	456
417	483
415	417
407	415
313	407
328	313
464	328
351	464
349	351
405	349
472	405
401	472
388	401
381	388
382	381
385	382
316	385
50	316
254	50
224	254
307	224
293	307
292	293
299	292
403	299
431	403
141	431
426	141
336	426
470	336
247	470
215	247
278	215
170	278
150	170
262	150
529	262
465	529
449	465
486	449
395	486
393	395
345	393
303	345
338	303
360	338
363	360
286	363
315	286
399	315
347	399
507	347
413	507
447	413
344	447
390	344
333	390
387	333
348	387
506	348
359	506
397	359
353	397
327	353
505	327
607	505
378	607
391	378
287	391
290	287
248	290
256	248
167	256
305	167
365	305
294	365
244	294
340	244
106	340
308	106
165	308
144	165
306	144
131	306
274	131
204	274
376	204
275	376
258	275
260	258
295	260
267	295
329	267
312	329
91	312
39	312
44	39
112	44
97	112
85	97
297	85
177	297
147	177
62	147
181	62
444	181
435	444
571	435
422	571
380	422
335	380
438	335
441	438
533	441
445	533
237	445
210	237
425	210
427	425
231	427
162	231
130	162
423	130
238	423
214	238
537	214
543	537
241	543
604	241
454	604
432	454
469	432
320	469
310	320
473	310
428	473
489	428
459	489
379	459
377	379
356	377
318	356
242	318
234	242
54	234
230	242
152	230
154	152
330	154
163	330
145	163
146	145
229	146
261	229
253	261
196	253
155	196
76	155
108	76
195	108
499	195
559	499
440	559
632	440
424	632
239	424
223	239
270	223
206	270
216	206
479	216
269	479
211	269
203	211
213	203
208	213
221	208
342	221
207	342
374	207
354	374
233	354
172	233
136	172
134	136
226	134
212	226
352	212
311	352
265	311
361	265
394	361
404	394
386	404
370	386
369	370
367	369
326	367
523	326
350	523
157	350
197	157
182	197
280	182
232	280
243	232
227	243
220	227
279	220
276	279
200	276
173	200
191	173
545	191
487	545
334	487
298	334
240	298
101	240
87	101
29	240
183	29
323	183
140	323
18	140
120	18
184	120
186	184
169	186
188	169
193	188
175	193
190	175
168	190
158	168
166	190
171	166
143	190
132	188
174	184
114	174
218	114
460	218
153	460
366	153
357	366
331	357
296	331
259	296
115	259
111	115
93	111
52	93
324	52
392	324
355	392
47	355
42	47
92	42
289	92
84	289
116	84
102	116
90	102
63	90
64	63
185	64
60	185
57	60
5	185
25	5
70	25
202	70
69	202
121	69
198	121
138	198
89	138
107	89
96	107
40	198
86	40
38	86
37	38
8	37
17	38
100	17
110	100
59	110
12	100
124	121
22	25
48	22
19	48
187	19
205	187
176	205
88	176
21	88
133	21
151	133
3	176
77	3
23	63
53	23
98	53
113	98
99	113
83	99
65	83
222	65
209	222
4	209
127	4
103	127
257	103
225	257
142	225
236	142
164	236
149	164
228	149
219	228
217	219
161	217
160	161
156	160
123	156
129	123
126	129
201	126
178	201
159	178
148	160
139	148
122	139
73	142
125	73
20	125
81	20
75	81
9	75
24	20
33	83
56	33
36	56
27	36
51	27
41	51
15	41
43	15
55	43
10	15
49	10
14	51
13	51
31	56
11	23
68	331
80	68
58	80
74	58
384	74
137	384
35	137
117	35
1	117
118	1
2	118
28	58
273	367
34	369
252	34
78	252
104	134
46	104
32	46
194	208
199	194
180	270
135	180
128	135
82	196
16	44
255	267
71	255
