Cell	Parent
1000	-1
4992	1000
5033	4992
5109	5033
4950	5109
4863	4950
4835	4863
4900	4835
5072	4900
5024	5072
4799	5024
5111	4799
5077	5111
5075	5077
5125	5075
5124	5125
5107	5124
5061	5107
5087	5061
5098	5087
5071	5098
5121	5071
5036	5121
5118	5036
5113	5118
5105	5113
5100	5105
5070	5100
5032	5070
5022	5032
5074	5022
4850	5074
4844	4850
4973	4844
4966	4973
4989	4966
5101	4989
5054	5101
5102	5054
5039	5102
4981	5039
4956	4981
4934	4956
4959	4934
5086	4959
5080	5086
5115	5080
5108	5115
5069	5108
5056	5069
5060	5056
5099	5060
5096	5099
5119	5096
5084	5119
5095	5084
5015	5095
5073	5015
5064	5073
4962	5064
5078	4962
5063	5078
5117	5063
5052	5117
5049	5052
5116	5049
5122	5116
5110	5122
5088	5110
5090	5088
5089	5090
5127	5089
5114	5127
5106	5114
5048	5106
5093	5048
5082	5093
5051	5082
5034	5051
5047	5034
5041	5047
5043	5041
5066	5043
5020	5066
5016	5020
5013	5016
5007	5013
4953	5007
4954	4953
4851	4954
4901	4851
4899	4901
5021	4899
5027	5021
5014	5027
4857	5014
4840	4857
4834	4840
5031	4834
5059	5031
4861	5059
5037	4861
5018	5037
5010	5018
4858	5010
5046	4858
5023	5046
5012	5023
4986	5012
4938	4986
4822	4938
4868	4822
4965	4868
4928	4965
4828	4928
4841	4828
4812	4841
4853	4812
4823	4853
4805	4823
4831	4805
4787	4831
4594	4787
4706	4594
4996	4706
4946	4996
4913	4946
5123	4913
5062	5123
4947	5062
5104	4947
4909	5104
4862	4909
4846	4862
5026	4846
4845	5026
4849	4845
4816	4849
4790	4816
4750	4790
4788	4750
4684	4788
4615	4684
4832	4615
5042	4832
5017	5042
5097	5017
4961	5097
4867	4961
5091	4867
4794	5091
4830	4794
4694	4830
4647	4694
4958	4647
5019	4958
5112	5019
4968	5112
4948	4968
4860	4948
4711	4860
4833	4711
4767	4833
4915	4767
4813	4915
4772	4813
4703	4772
4854	4703
5044	4854
5053	5044
5025	5053
4856	5025
4827	4856
4843	4827
4838	4843
4800	4838
4798	4800
4807	4798
4826	4807
4902	4826
4866	4902
4576	4866
4795	4576
4848	4795
4785	4848
4759	4785
4723	4759
4700	4723
4779	4700
5008	4779
4722	5008
4701	4722
4692	4701
4609	4692
4716	4609
4713	4716
4671	4713
4590	4671
4704	4590
4690	4704
4570	4690
4584	4570
4720	4584
4668	4720
4695	4668
4691	4695
4600	4691
4673	4600
4717	4673
4770	4717
4987	4770
5079	4987
4743	5079
4842	4743
4777	4842
4740	4777
4855	4740
4806	4855
4778	4806
4726	4778
5003	4726
4977	5003
5028	4977
4974	5028
4971	4974
5057	4971
5040	5057
4984	5040
4982	4984
4944	4982
4912	4944
4903	4912
4898	4903
4880	4898
4733	4880
4761	4733
4929	4761
4930	4929
4921	4930
4907	4921
5005	4907
4994	5005
4976	4994
4888	4976
4927	4888
4991	4927
5120	4991
4869	5120
4810	4869
4652	4810
4653	4652
4936	4653
4943	4936
4926	4943
4771	4926
4751	4771
4747	4751
4574	4747
4392	4574
4336	4392
4295	4336
4784	4295
4511	4784
4639	4511
4894	4639
4891	4894
4917	4891
4906	4917
4922	4906
4886	4922
4654	4886
4918	4654
4809	4918
5065	4809
5006	5065
4995	5006
4837	4995
5029	4837
4983	5029
4931	4983
4904	4931
4951	4904
4762	4951
4729	4762
4758	4729
4766	4758
5103	4766
4746	5103
4756	4746
4757	4756
4728	4757
4727	4728
4602	4727
4742	4602
4670	4742
4550	4670
4464	4550
4510	4464
4433	4510
4782	4433
4618	4782
4614	4618
4738	4614
4437	4738
4396	4437
4470	4396
4705	4470
4658	4705
4896	4658
4736	4896
4818	4736
4793	4818
4442	4793
4878	4442
4941	4878
5094	4941
5050	5094
4877	5050
4847	4877
4605	4847
4601	4605
4543	4601
4498	4543
4552	4498
4508	4552
4638	4508
4506	4638
4496	4506
4634	4496
4753	4634
4990	4753
4942	4990
4937	4942
4916	4937
5004	4916
4979	5004
4876	4979
5085	4876
5076	5085
5002	5076
4940	5002
4999	4940
4889	4999
4825	4889
5001	4825
4967	5001
4997	4967
5038	4997
4875	5038
4808	4875
4819	4808
4804	4819
4682	4804
4693	4682
4567	4693
4817	4567
5035	4817
5009	5035
4864	5009
4933	4864
4775	4933
4957	4775
4780	4957
4734	4780
4714	4734
4699	4714
3521	4699
4687	3521
4702	4687
4592	4702
4598	4592
4608	4598
4686	4608
4440	4686
4475	4440
4419	4475
4413	4419
4503	4413
4398	4503
4659	4398
4655	4659
4669	4655
4627	4669
4660	4627
4890	4660
4745	4890
4688	4745
4923	4688
4964	4923
4760	4964
4707	4760
4642	4707
4622	4642
4620	4622
4619	4620
4581	4619
4528	4581
4323	4528
4646	4323
4897	4646
4681	4897
4724	4681
4945	4724
4970	4945
4924	4970
4651	4924
4919	4651
4960	4919
5081	4960
4887	5081
4882	4887
4783	4882
4744	4783
4709	4744
4629	4709
4663	4629
4499	4663
4764	4499
4874	4764
4657	4874
4656	4657
4836	4656
4749	4836
4754	4749
4911	4754
4978	4911
4969	4978
4963	4969
4910	4963
4883	4910
4881	4883
4985	4881
4786	4985
4998	4786
4865	4998
4534	4865
4644	4534
4803	4644
4905	4803
4870	4905
4741	4870
4925	4741
4774	4925
4715	4774
4732	4715
4731	4732
4640	4731
4579	4640
4665	4579
4650	4665
4649	4650
4624	4649
4501	4624
4625	4501
4575	4625
4621	4575
4517	4621
4432	4517
4480	4432
4425	4480
4424	4425
4532	4424
4489	4532
4479	4489
4420	4479
4408	4420
4337	4408
4430	4337
4631	4430
4513	4631
4792	4513
4988	4792
4952	4988
4859	4952
4559	4859
4980	4559
4820	4980
4661	4820
4643	4661
4577	4643
4381	4577
4148	4381
5030	4148
5083	5030
4821	5083
4814	4821
4797	4814
4689	4797
4768	4689
4538	4768
4564	4538
4616	4564
4719	4616
4450	4719
4410	4450
4289	4410
4402	4289
4350	4402
4344	4350
4539	4344
4632	4539
4591	4632
4569	4591
4445	4569
4542	4445
4549	4542
4527	4549
4375	4527
4371	4375
4484	4371
4725	4484
4391	4725
4481	4391
4675	4481
4674	4675
4565	4674
4585	4565
4444	4585
4573	4444
4839	4573
4852	4839
4802	4852
4512	4802
4789	4512
4791	4789
4558	4791
4451	4558
4617	4451
4606	4617
4685	4606
4696	4685
4626	4696
4587	4626
4355	4587
4362	4355
4588	4362
4571	4588
4580	4571
4469	4580
4462	4469
4454	4462
4536	4454
4586	4536
4530	4586
4468	4530
4604	4468
4447	4604
4353	4447
4095	4353
4441	4095
4698	4441
4495	4698
4893	4495
4525	4893
4482	4525
4443	4482
4439	4443
4290	4439
4246	4290
4257	4246
4423	4257
4426	4423
4520	4426
4488	4520
4892	4488
4483	4892
4477	4483
4367	4477
4219	4367
3957	4219
4354	3957
4140	4354
4873	4140
4566	4873
4871	4566
4781	4871
4718	4781
4563	4718
4493	4563
4914	4493
4486	4914
4677	4486
5067	4677
4975	5067
4920	4975
4879	4920
4548	4879
4507	4548
4429	4507
4299	4429
4302	4299
4596	4302
4546	4596
4551	4546
4308	4551
4497	4308
4490	4497
4476	4490
4434	4476
4231	4434
4637	4231
4554	4637
4492	4554
4500	4492
4697	4500
4516	4697
4721	4516
4676	4721
4339	4676
4427	4339
4404	4427
4347	4404
4436	4347
4357	4436
4329	4357
4325	4329
4524	4325
4478	4524
4338	4478
4386	4338
4365	4386
4285	4365
4341	4285
4324	4341
4281	4324
4311	4281
4343	4311
4286	4343
4202	4286
4333	4202
4769	4333
4630	4769
4557	4630
4535	4557
4529	4535
4467	4529
4452	4467
4393	4452
4360	4393
4334	4360
5058	4334
4378	5058
4293	4378
4259	4293
4278	4259
5068	4278
4939	5068
4776	4939
4678	4776
4645	4678
4603	4645
4595	4603
4545	4595
4531	4545
4422	4531
4232	4422
4270	4232
4544	4270
4505	4544
4712	4505
4397	4712
4359	4397
4335	4359
4236	4335
4132	4236
4123	4132
3915	4123
4031	3915
4153	4031
4932	4153
4648	4932
4641	4648
4403	4641
4342	4403
4635	4342
4555	4635
4509	4555
4935	4509
5011	4935
4949	5011
4553	4949
4710	4553
4955	4710
4872	4955
4824	4872
4737	4824
4801	4737
4908	4801
4072	4908
4664	4072
4518	4664
4460	4518
4327	4460
4765	4327
4679	4765
4628	4679
4578	4628
4395	4578
4369	4395
4199	4369
4125	4199
3969	4125
4112	3969
3937	4112
4385	3937
4730	4385
4680	4730
4582	4680
4239	4582
4279	4239
4238	4279
4415	4238
4502	4415
4561	4502
4515	4561
4267	4515
4428	4267
4414	4428
4297	4414
4276	4297
4260	4276
4212	4260
4304	4212
4301	4304
4274	4301
4272	4274
4374	4272
4364	4374
4547	4364
4250	4547
4287	4250
4245	4287
4213	4245
4400	4213
4340	4400
4319	4340
4303	4319
4310	4303
4309	4310
4306	4309
4292	4306
4211	4292
4254	4211
4224	4254
4322	4224
4599	4322
4610	4599
4568	4610
4472	4568
4382	4472
4612	4382
4708	4612
4572	4708
4583	4572
4463	4583
4361	4463
4110	4361
4103	4110
4088	4103
3951	4088
4611	3951
4368	4611
4453	4368
4448	4453
4116	4448
3853	4116
4122	3853
4109	4122
4494	4109
4358	4494
4215	4358
4154	4215
4086	4154
4113	4086
4421	4113
4321	4421
4318	4321
4227	4318
4277	4227
4263	4277
4412	4263
4115	4412
4235	4115
4389	4235
4401	4389
4755	4401
4560	4755
4230	4560
4491	4230
4273	4491
4435	4273
4346	4435
4164	4346
4431	4164
4623	4431
4514	4623
4416	4514
4305	4416
4307	4305
4417	4307
4034	4417
4005	4034
4253	4005
4186	4253
4247	4186
4175	4247
4275	4175
4085	4275
4218	4085
4201	4218
4225	4201
4192	4225
4196	4192
4152	4196
4098	4152
3993	4098
4150	3993
4193	4150
4135	4193
4312	4135
4331	4312
4144	4331
4237	4144
4266	4237
4255	4266
4191	4255
4030	4191
4151	4030
4047	4151
4522	4047
4562	4522
4540	4562
4407	4540
4405	4407
4352	4405
4526	4352
4533	4526
4280	4533
4328	4280
4459	4328
4466	4459
4411	4466
4372	4411
4349	4372
4377	4349
4243	4377
4206	4243
4446	4206
3875	4446
4521	3875
4348	4521
4457	4348
4010	4457
4083	4010
3922	4083
3820	3922
3782	3820
3473	3782
3726	3473
4456	3726
4455	4456
4155	4455
4465	4155
4262	4465
3838	4262
4195	3838
3865	4195
4170	3865
4070	4170
4244	4070
4209	4244
4156	4209
4134	4156
4252	4134
4291	4252
4118	4291
4146	4118
4269	4146
4143	4269
4037	4143
4409	4037
4251	4409
4314	4251
4356	4314
4315	4356
4242	4315
4009	4242
4282	4009
4261	4282
4142	4261
4052	4142
4197	4052
4149	4197
4046	4149
3997	4046
3995	3997
4013	3995
4114	4013
4084	4114
4379	4084
4474	4379
4487	4474
4461	4487
4373	4461
4130	4373
4173	4130
3733	4173
3943	3733
4102	3943
4208	4102
4541	4208
4438	4541
4380	4438
4320	4380
4064	4320
4169	4064
4165	4169
4613	4165
4471	4613
4161	4471
4523	4161
4330	4523
4163	4330
4120	4163
4100	4120
4074	4100
4119	4074
4317	4119
4121	4317
4283	4121
4194	4283
4024	4194
3807	4024
3770	3807
3766	3770
3714	3766
3901	3714
4007	3901
3868	4007
3936	3868
4234	3936
4021	4234
4158	4021
4087	4158
3971	4087
4537	3971
3984	4537
4298	3984
4666	4298
4345	4666
4129	4345
4458	4129
4519	4458
4556	4519
4390	4556
3870	4390
3824	3870
3814	3824
3837	3814
4111	3837
3908	4111
4399	3908
4366	4399
4178	4366
4176	4178
3911	4176
3898	3911
3894	3898
4092	3894
4249	4092
4240	4249
4182	4240
4200	4182
4107	4200
4189	4107
4187	4189
4011	4187
4221	4011
4099	4221
4093	4099
4040	4093
4160	4040
4204	4160
4167	4204
4016	4167
3905	4016
4004	3905
3970	4004
3967	3970
3948	3967
3945	3948
3887	3945
3857	3887
3856	3857
3946	3856
4081	3946
3833	4081
3867	3833
4597	3867
3918	4597
4000	3918
4376	4000
4284	4376
3919	4284
4138	3919
3913	4138
3836	3913
3963	3836
3917	3963
4026	3917
3932	4026
4077	3932
4203	4077
4214	4203
3989	4214
4124	3989
3966	4124
3881	3966
3869	3881
3803	3869
3849	3803
3902	3849
3900	3902
3735	3900
3786	3735
3830	3786
3897	3830
3896	3897
3877	3896
3829	3877
3679	3829
3961	3679
3941	3961
3952	3941
4210	3952
3749	4210
3916	3749
4035	3916
4094	4035
3859	4094
3892	3859
3798	3892
3895	3798
3965	3895
4091	3965
4101	4091
3893	4101
3861	3893
3842	3861
4388	3842
4126	4388
3903	4126
4080	3903
3845	4080
3888	3845
3987	3888
4025	3987
4406	4025
4174	4406
4079	4174
4220	4079
4288	4220
4268	4288
4184	4268
4159	4184
4172	4159
4078	4172
4394	4078
4383	4394
4271	4383
4048	4271
4105	4048
4190	4105
4003	4190
4058	4003
3953	4058
3940	3953
3780	3940
3910	3780
3977	3910
3954	3977
3708	3954
3703	3708
3686	3703
3689	3686
4059	3689
4017	4059
4015	4017
4045	4015
3949	4045
3873	3949
3809	3873
3767	3809
3758	3767
3737	3758
3720	3737
3637	3720
3656	3637
3674	3656
4117	3674
4217	4117
4106	4217
4076	4106
3764	4076
3899	3764
3627	3899
3596	3627
3986	3596
3973	3986
3938	3973
3871	3938
3823	3871
3860	3823
4008	3860
3939	4008
3991	3939
3675	3991
3618	3675
3681	3618
4032	3681
4108	4032
4181	4108
4180	4181
3906	4180
3921	3906
3950	3921
4097	3950
4073	4097
4027	4073
4022	4027
3839	4022
3756	3839
3660	3756
3623	3660
4049	3623
4183	4049
4258	4183
4147	4258
4316	4147
4029	4316
4326	4029
4089	4326
4065	4089
4229	4065
4473	4229
4370	4473
4241	4370
4066	4241
4128	4066
4063	4128
3914	4063
3929	3914
4593	3929
4589	4593
4449	4589
4363	4449
4351	4363
4223	4351
4216	4223
3974	4216
3959	3974
3904	3959
3882	3904
3855	3882
3512	3855
3461	3512
3443	3461
3515	3443
3522	3515
3501	3522
3795	3501
3811	3795
3872	3811
3884	3872
4179	3884
3817	4179
3886	3817
3878	3886
3909	3878
3848	3909
3858	3848
3834	3858
3854	3834
3444	3854
3883	3444
4082	3883
4061	4082
3960	4061
4139	3960
4233	4139
4133	4233
4036	4133
3775	4036
3678	3775
3980	3678
3983	3980
3638	3983
3985	3638
3847	3985
3934	3847
4069	3934
4042	4069
4020	4042
4018	4020
4332	4018
4162	4332
3827	4162
4054	3827
4185	4054
4019	4185
3975	4019
4248	3975
4752	4248
4739	4752
4735	4739
4384	4735
4053	4384
4028	4053
3822	4028
3698	3822
3778	3698
3962	3778
3912	3962
3876	3912
4177	3876
4050	4177
4014	4050
3928	4014
4044	3928
4157	4044
4141	4157
3930	4141
3751	3930
3646	3751
3634	3646
3866	3634
3687	3866
3348	3687
3488	3348
3810	3488
3697	3810
3287	3697
3430	3287
3880	3430
5000	3880
5126	5000
5092	5126
5045	5092
4993	5045
4885	4993
4811	4885
4796	4811
4607	4796
4256	4607
4205	4256
3998	4205
2992	3998
2628	2992
2508	2628
2483	2508
2425	2483
3734	2425
3655	3734
3389	3655
3693	3389
3462	3693
3800	3462
3700	3800
3536	3700
3797	3536
3874	3797
3745	3874
3769	3745
3732	3769
3715	3732
3889	3715
3879	3889
3806	3879
3799	3806
3796	3799
3787	3796
3705	3787
3608	3705
3802	3608
3712	3802
3828	3712
3794	3828
3779	3794
3694	3779
3792	3694
3717	3792
4096	3717
4131	4096
3793	4131
3890	3793
3765	3890
3825	3765
3777	3825
3506	3777
3497	3506
3784	3497
3763	3784
3759	3763
3650	3759
3643	3650
3747	3643
3947	3747
3701	3947
4071	3701
3864	4071
3852	3864
3851	3852
3812	3851
3728	3812
3729	3728
3692	3729
3547	3692
3511	3547
3540	3511
3531	3540
3529	3531
3543	3529
3494	3543
3320	3494
3545	3320
3815	3545
3760	3815
3589	3760
3398	3589
3788	3398
3821	3788
3850	3821
3604	3850
3498	3604
3818	3498
3005	3818
2907	3005
3527	2907
3562	3527
3429	3562
3702	3429
3466	3702
3451	3466
3503	3451
3463	3503
3102	3463
3445	3102
3339	3445
3393	3339
2963	3393
3201	2963
3086	3201
3072	3086
2993	3072
3711	2993
3862	3711
3863	3862
4166	3863
4090	4166
4057	4090
3510	4057
3482	3510
3147	3482
3143	3147
3087	3143
3085	3087
3153	3085
3469	3153
3504	3469
3840	3504
3841	3840
3835	3841
3808	3835
3789	3808
3804	3789
3783	3804
3707	3783
3706	3707
3484	3706
3500	3484
3486	3500
3480	3486
3761	3480
3785	3761
3739	3785
3891	3739
3590	3891
3753	3590
3664	3753
3748	3664
3718	3748
3801	3718
4136	3801
4171	4136
4387	4171
4168	4387
4300	4168
4145	4300
4041	4145
4055	4041
3982	4055
4033	3982
4039	4033
4137	4039
3636	4137
3605	3636
3750	3605
3955	3750
3843	3955
3754	3843
3690	3754
3647	3690
3580	3647
4060	3580
4012	4060
3832	4012
3730	3832
3493	3730
3688	3493
3885	3688
3683	3885
4062	3683
4051	4062
3972	4051
4188	3972
4023	4188
3999	4023
3774	3999
3992	3774
3935	3992
3768	3935
3723	3768
3663	3723
3713	3663
3432	3713
4222	3432
3619	4222
3731	3619
3614	3731
3587	3614
3716	3587
3595	3716
3538	3595
3516	3538
3467	3516
3464	3467
3471	3464
3455	3471
3496	3455
3725	3496
3741	3725
3724	3741
3791	3724
3530	3791
3553	3530
3744	3553
3776	3744
3704	3776
3722	3704
3719	3722
3520	3719
3738	3520
3826	3738
3762	3826
3709	3762
3544	3709
3541	3544
3546	3541
3613	3546
3665	3613
3645	3665
3640	3645
3424	3640
3525	3424
3588	3525
3490	3588
3644	3490
3942	3644
3672	3942
3668	3672
3639	3668
3367	3639
3420	3367
3537	3420
3355	3537
3094	3355
3353	3094
3684	3353
3635	3684
3652	3635
3667	3652
3781	3667
3653	3781
3752	3653
3773	3752
3746	3773
3931	3746
3615	3931
3437	3615
3372	3437
3695	3372
3710	3695
3846	3710
3575	3846
3625	3575
3577	3625
3651	3577
3475	3651
3449	3475
3418	3449
3350	3418
3633	3350
3560	3633
3673	3560
3670	3673
3658	3670
3757	3658
3666	3757
3622	3666
3592	3622
3569	3592
3657	3569
3603	3657
3958	3603
3923	3958
3661	3923
3616	3661
3571	3616
3740	3571
3626	3740
3662	3626
3574	3662
3478	3574
3691	3478
3979	3691
4043	3979
3990	4043
3981	3990
3677	3981
3564	3677
3549	3564
3337	3549
3197	3337
3524	3197
3200	3524
3600	3200
3594	3600
3446	3594
3572	3446
3727	3572
3410	3727
3813	3410
3831	3813
3844	3831
3474	3844
3387	3474
3415	3387
3291	3415
3632	3291
3612	3632
3597	3612
3585	3597
3721	3585
3609	3721
3554	3609
3805	3554
3514	3805
3505	3514
3491	3505
3301	3491
3771	3301
3354	3771
3487	3354
3386	3487
3559	3386
3556	3559
3565	3556
3374	3565
3266	3374
3351	3266
3517	3351
3584	3517
3508	3584
3526	3508
3654	3526
3485	3654
3628	3485
3630	3628
3539	3630
3576	3539
3599	3576
3586	3599
3347	3586
3542	3347
3369	3542
3032	3369
3189	3032
3302	3189
3405	3302
3384	3405
3371	3384
3282	3371
3249	3282
4127	3249
4068	4127
3956	4068
3648	3956
3601	3648
4228	3601
4815	4228
4504	4815
4265	4504
4067	4265
4038	4067
4006	4038
3964	4006
3610	3964
3591	3610
3579	3591
3551	3579
3669	3551
3685	3669
3649	3685
3624	3649
3593	3624
3933	3593
4207	3933
3926	4207
3816	3926
3736	3816
3611	3736
3570	3611
3561	3570
3557	3561
3550	3557
3412	3550
3397	3412
3378	3397
3373	3378
3578	3373
3379	3578
3513	3379
3479	3513
3407	3479
3285	3407
3209	3285
3284	3209
3235	3284
3323	3235
3743	3323
3924	3743
3976	3924
3742	3976
3629	3742
3573	3629
3509	3573
3426	3509
3411	3426
3535	3411
4075	3535
3994	4075
3676	3994
3920	3676
3819	3920
3417	3819
3483	3417
3772	3483
3558	3772
3548	3558
3620	3548
3568	3620
3489	3568
3425	3489
3391	3425
3468	3391
3360	3468
3359	3360
3331	3359
3270	3331
3581	3270
3755	3581
3671	3755
3358	3671
3680	3358
3582	3680
3416	3582
3364	3416
3440	3364
3583	3440
3567	3583
3297	3567
3148	3297
3406	3148
3390	3406
3421	3390
3602	3421
3495	3602
3631	3495
3696	3631
3428	3696
3061	3428
3083	3061
3093	3083
3396	3093
3222	3396
3343	3222
3161	3343
3385	3161
3306	3385
3269	3306
3240	3269
3106	3240
3366	3106
3383	3366
3381	3383
3333	3381
3400	3333
3402	3400
3395	3402
3422	3395
3338	3422
3335	3338
3329	3335
3344	3329
3499	3344
3015	3499
3103	3015
3534	3103
3472	3534
3457	3472
3046	3457
3171	3046
3243	3171
3394	3243
3370	3394
3247	3370
3250	3247
3340	3250
3305	3340
3357	3305
3362	3357
3327	3362
3326	3327
3324	3326
3221	3324
3121	3221
3156	3121
3141	3156
3111	3141
3414	3111
3399	3414
3332	3399
3271	3332
3239	3271
3278	3239
3607	3278
3321	3607
3968	3321
3682	3968
3659	3682
3617	3659
3563	3617
3392	3563
3621	3392
3352	3621
3408	3352
3465	3408
3288	3465
3404	3288
3361	3404
3356	3361
3275	3356
3168	3275
3477	3168
3202	3477
3218	3202
3552	3218
3368	3552
3363	3368
3311	3363
3296	3311
3257	3296
3254	3257
3267	3254
3126	3267
3273	3126
3216	3273
3158	3216
3330	3158
3312	3330
3133	3312
3052	3133
3020	3052
3194	3020
3212	3194
3441	3212
3448	3441
3450	3448
3439	3450
3438	3439
3456	3438
3452	3456
3519	3452
3447	3519
3436	3447
3435	3436
3431	3435
3427	3431
3166	3427
3112	3166
2906	3112
3162	2906
3453	3162
3151	3453
3090	3151
3226	3090
3190	3226
3185	3190
3068	3185
2986	3068
3069	2986
3070	3069
3082	3070
3064	3082
3056	3064
3013	3056
3010	3013
2948	3010
2872	2948
2822	2872
2801	2822
2800	2801
3060	2800
3174	3060
3206	3174
3109	3206
3233	3109
3115	3233
3073	3115
3003	3073
2961	3003
3035	2961
2926	3035
2978	2926
3481	2978
3454	3481
3555	3454
3460	3555
3328	3460
3293	3328
3232	3293
3345	3232
3274	3345
3255	3274
3182	3255
3184	3182
3192	3184
3253	3192
3294	3253
3349	3294
3261	3349
3502	3261
3413	3502
3286	3413
3248	3286
3204	3248
3198	3204
3134	3198
3079	3134
2988	3079
2973	2988
2892	2973
3099	2892
3146	3099
3012	3146
3071	3012
3088	3071
3290	3088
3145	3290
3092	3145
3000	3092
2690	3000
2603	2690
3310	2603
3183	3310
3242	3183
3308	3242
3280	3308
3256	3280
3033	3256
3009	3033
3159	3009
3110	3159
3119	3110
3027	3119
3160	3027
3164	3160
3217	3164
3251	3217
3224	3251
3213	3224
3179	3213
3228	3179
3314	3228
3236	3314
3231	3236
3181	3231
3214	3181
3199	3214
3176	3199
3167	3176
3178	3167
3136	3178
3124	3136
3130	3124
3123	3130
2841	3123
2806	2841
2842	2806
2958	2842
2830	2958
2778	2830
2837	2778
2851	2837
2838	2851
3016	2838
2932	3016
3084	2932
3277	3084
3598	3277
3365	3598
3322	3365
3313	3322
3188	3313
3177	3188
3138	3177
3292	3138
3342	3292
3203	3342
3169	3203
3140	3169
3129	3140
3097	3129
3019	3097
3315	3019
3049	3315
3026	3049
3186	3026
3215	3186
3135	3215
3108	3135
3043	3108
3309	3043
3045	3309
2968	3045
2953	2968
3095	2953
3066	3095
3037	3066
2999	3037
2879	2999
3307	2879
3403	3307
3289	3403
3263	3289
3244	3263
3419	3244
3268	3419
3265	3268
3245	3265
3175	3245
3230	3175
3229	3230
3219	3229
3191	3219
2804	3191
3304	2804
3532	3304
3299	3532
3442	3299
3528	3442
3089	3528
3433	3089
3434	3433
3409	3434
3063	3409
3476	3063
3376	3476
3316	3376
2975	3316
3336	2975
3163	3336
3062	3163
3081	3062
3078	3081
3053	3078
2883	3053
2882	2883
2613	2882
3220	2613
2946	3220
3024	2946
3334	3024
2934	3334
3196	2934
3187	3196
3139	3187
3152	3139
3131	3152
3127	3131
3023	3127
3211	3023
3067	3211
3029	3067
2960	3029
2942	2960
2904	2942
2825	2904
3051	2825
2847	3051
3021	2847
3155	3021
3034	3155
3059	3034
2933	3059
2632	2933
2714	2632
2818	2714
2811	2818
2807	2811
2710	2807
2695	2710
2956	2695
2719	2956
2784	2719
2903	2784
2779	2903
2790	2779
2647	2790
2929	2647
3401	2929
3193	3401
3040	3193
3144	3040
3080	3144
3246	3080
3057	3246
3055	3057
3044	3055
2952	3044
2998	2952
2995	2998
2955	2995
2989	2955
2976	2989
3205	2976
3096	3205
3047	3096
3004	3047
3116	3004
3173	3116
3118	3173
2843	3118
3114	2843
3117	3114
3227	3117
2834	3227
2826	2834
2852	2826
2884	2852
2795	2884
2797	2795
2791	2797
2987	2791
2785	2987
2996	2785
2982	2996
3001	2982
3100	3001
3091	3100
3149	3091
2501	3149
2506	2501
2991	2506
2985	2991
2949	2985
3039	2949
2957	3039
2924	2957
2920	2924
2908	2920
2974	2908
2979	2974
2990	2979
2894	2990
2962	2894
2922	2962
2911	2922
2971	2911
3388	2971
2918	3388
2916	2918
2871	2916
2889	2871
2888	2889
2898	2888
3065	2898
5055	3065
1044	5055
2880	1044
3077	2880
3076	3077
3054	3076
3002	3054
2902	3002
2862	2902
2964	2862
2936	2964
2915	2936
2944	2915
2939	2944
2873	2939
2937	2873
2913	2937
3074	2913
3038	3074
2969	3038
2997	2969
2927	2997
2909	2927
2901	2909
2848	2901
2781	2848
2766	2781
2788	2766
2771	2788
2757	2771
2803	2757
2777	2803
2874	2777
2895	2874
2761	2895
2677	2761
2878	2677
2796	2878
2693	2796
2605	2693
2542	2605
2435	2542
2426	2435
2377	2426
2367	2377
2361	2367
2314	2361
2390	2314
2708	2390
3075	2708
2893	3075
2754	2893
2877	2754
2767	2877
2683	2767
2582	2683
2680	2582
3048	2680
2881	3048
2637	2881
3533	2637
3606	3533
3492	3606
3470	3492
3325	3470
3195	3325
2749	3195
2636	2749
2576	2636
2554	2576
2526	2554
2523	2526
2324	2523
2286	2324
1871	2286
2446	1871
2453	2446
2768	2453
2899	2768
3259	2899
2864	3259
2900	2864
3237	2900
3318	3237
3150	3318
2921	3150
2980	2921
3042	2980
2972	3042
2970	2972
2793	2970
2552	2793
2965	2552
2876	2965
2959	2876
2891	2959
2983	2891
2859	2983
2854	2859
2856	2854
2829	2856
2609	2829
2686	2609
2616	2686
2651	2616
2606	2651
2642	2606
2622	2642
2875	2622
2857	2875
2855	2857
2763	2855
2729	2763
2650	2729
2644	2650
2608	2644
2535	2608
2592	2535
2816	2592
2614	2816
2941	2614
2967	2941
3107	2967
3122	3107
3210	3122
3132	3210
3120	3132
3113	3120
2867	3113
3008	2867
2966	3008
2792	2966
2866	2792
2799	2866
2798	2799
2917	2798
2755	2917
2747	2755
2733	2747
2839	2733
2845	2839
2930	2845
2981	2930
3279	2981
3142	3279
3125	3142
3101	3125
2940	3101
2977	2940
2925	2977
2738	2925
2813	2738
2734	2813
2751	2734
2812	2751
2836	2812
2954	2836
2794	2954
2846	2794
2935	2846
2984	2935
2994	2984
3007	2994
2943	3007
2912	2943
2886	2912
2863	2886
2688	2863
2885	2688
2861	2885
2742	2861
2740	2742
2776	2740
2772	2776
2691	2772
2665	2691
2593	2665
2442	2593
2539	2442
2514	2539
2679	2514
2897	2679
2938	2897
2905	2938
2509	2905
2730	2509
2756	2730
2739	2756
2746	2739
2727	2746
2724	2727
2604	2724
2497	2604
2618	2497
2769	2618
2641	2769
2635	2641
2450	2635
2694	2450
2659	2694
2373	2659
2666	2373
2399	2666
2365	2399
2534	2365
2684	2534
2502	2684
2420	2502
2391	2420
2722	2391
2815	2722
3172	2815
3104	3172
3022	3104
3041	3022
3165	3041
3180	3165
3283	3180
3225	3283
3157	3225
3137	3157
3105	3137
3006	3105
2750	3006
2703	2750
2700	2703
2698	2700
2630	2698
3028	2630
2840	3028
3031	2840
3014	3031
2748	3014
3030	2748
2827	3030
2702	2827
2744	2702
2735	2744
2945	2735
2919	2945
2849	2919
2831	2849
2574	2831
3208	2574
3234	3208
3098	3234
2814	3098
2585	2814
2950	2585
3300	2950
3927	3300
3699	3927
3507	3699
3276	3507
3128	3276
2896	3128
2682	2896
2887	2682
3050	2887
2890	3050
3017	2890
2817	3017
2675	2817
2789	2675
2696	2789
2668	2696
2625	2668
2670	2625
2808	2670
2725	2808
2671	2725
2658	2671
2579	2658
2524	2579
2429	2524
2423	2429
2405	2423
2786	2405
2780	2786
2774	2780
2600	2774
2449	2600
2378	2449
2676	2378
2713	2676
2728	2713
2850	2728
2809	2850
3298	2809
3303	3298
3264	3303
3223	3264
2923	3223
2646	2923
2638	2646
2634	2638
2617	2634
2615	2617
2587	2615
2588	2587
2563	2588
2560	2563
2551	2560
2947	2551
2633	2947
2824	2633
2611	2824
2760	2611
2565	2760
2575	2565
2853	2575
3018	2853
2844	3018
2828	2844
2819	2828
2732	2819
2743	2732
2522	2743
2478	2522
2669	2478
2663	2669
2910	2663
2657	2910
2649	2657
2566	2649
2540	2566
2396	2540
2541	2396
2544	2541
2495	2544
2590	2495
2360	2590
2623	2360
2510	2623
2500	2510
2462	2500
2520	2462
2486	2520
2499	2486
2445	2499
2443	2445
2375	2443
2448	2375
2558	2448
2762	2558
2496	2762
2914	2496
2759	2914
2865	2759
2466	2865
2773	2466
2519	2773
2513	2519
2597	2513
2538	2597
2529	2538
2504	2529
2469	2504
2252	2469
2188	2252
2550	2188
2505	2550
2464	2505
2480	2464
2569	2480
2477	2569
2472	2477
2407	2472
2287	2407
2303	2287
2869	2303
2868	2869
2787	2868
2860	2787
2764	2860
2547	2764
2758	2547
2320	2758
2444	2320
2205	2444
2195	2205
2255	2195
2236	2255
2484	2236
2456	2484
2525	2456
2572	2525
3281	2572
3025	3281
2626	3025
2706	2626
2531	2706
2536	2531
3207	2536
3566	3207
3459	3566
3423	3459
3346	3423
3319	3346
3317	3319
3260	3317
3258	3260
3154	3258
3058	3154
3036	3058
2765	3036
2753	2765
2661	2753
2620	2661
2473	2620
2352	2473
2339	2352
1937	2339
1893	1937
1916	1893
2578	1916
2488	2578
2475	2488
2454	2475
2447	2454
2165	2447
1453	2165
1507	1453
1865	1507
1757	1865
1280	1757
929	1280
804	929
1198	804
2370	1198
2397	2370
2451	2397
2348	2451
2515	2348
2332	2515
2660	2332
2752	2660
2602	2752
2326	2602
2159	2326
2044	2159
2010	2044
1969	2010
2065	1969
2271	2065
2481	2271
2441	2481
2131	2441
2004	2131
1815	2004
1770	1815
1747	1770
1637	1747
1642	1637
2494	1642
2461	2494
2548	2461
2527	2548
2424	2527
2254	2424
2465	2254
2436	2465
2567	2436
2402	2567
2392	2402
2250	2392
2570	2250
2459	2570
2433	2459
2404	2433
2415	2404
2559	2415
2596	2559
2482	2596
2783	2482
2645	2783
2403	2645
2249	2403
2810	2249
2737	2810
2715	2737
2709	2715
2568	2709
2280	2568
2221	2280
2213	2221
2215	2213
2421	2215
2720	2421
2712	2720
2711	2712
2692	2711
2672	2692
2583	2672
2654	2583
2723	2654
2782	2723
2704	2782
2699	2704
2643	2699
2624	2643
2573	2624
2393	2573
2240	2393
2584	2240
2562	2584
2460	2562
2411	2460
2412	2411
2721	2412
2705	2721
2701	2705
2629	2701
2662	2629
2639	2662
2745	2639
2598	2745
2685	2598
2586	2685
2581	2586
2612	2581
2621	2612
2555	2621
2627	2555
2543	2627
2564	2543
2832	2564
2823	2832
2717	2823
2731	2717
2707	2731
2678	2707
2673	2678
2736	2673
2610	2736
2607	2610
2601	2607
2599	2601
2595	2599
2591	2595
2594	2591
2455	2594
2577	2455
2726	2577
2400	2726
2931	2400
2858	2931
2835	2858
2805	2835
2681	2805
2290	2681
2716	2290
2126	2716
1966	2126
2528	1966
2656	2528
2476	2656
2648	2476
2549	2648
2718	2549
2440	2718
2439	2440
2438	2439
2431	2438
2437	2431
2556	2437
2533	2556
2467	2533
2383	2467
2178	2383
2235	2178
2419	2235
2417	2419
2408	2417
2427	2408
2256	2427
2276	2256
2386	2276
2384	2386
2323	2384
2351	2323
2468	2351
2317	2468
2349	2317
2204	2349
2432	2204
2422	2432
2409	2422
2289	2409
2553	2289
2687	2553
2928	2687
2870	2928
2517	2870
2366	2517
2316	2366
2146	2316
2430	2146
2350	2430
2334	2350
2358	2334
2345	2358
2341	2345
2463	2341
2180	2463
2241	2180
2274	2241
2493	2274
2491	2493
2382	2491
2197	2382
2155	2197
2092	2155
2418	2092
2410	2418
2294	2410
2368	2294
2530	2368
2485	2530
2474	2485
2470	2474
2395	2470
2640	2395
2257	2640
2233	2257
2151	2233
2338	2151
2291	2338
2380	2291
2129	2380
2109	2129
1963	2109
1945	1963
2147	1945
2337	2147
2172	2337
2176	2172
2170	2176
2226	2170
2123	2226
2157	2123
2137	2157
2171	2137
2208	2171
2062	2208
2110	2062
2268	2110
2121	2268
2115	2121
2080	2115
2667	2080
2354	2667
2343	2354
2310	2343
2340	2310
2333	2340
2319	2333
2346	2319
2327	2346
2951	2327
2503	2951
2775	2503
2689	2775
2802	2689
2770	2802
2372	2770
2364	2372
2347	2364
2313	2347
2262	2313
2318	2262
2119	2318
2306	2119
2344	2306
2282	2344
2278	2282
2263	2278
2198	2263
2406	2198
2275	2406
2227	2275
2189	2227
2168	2189
2163	2168
2158	2163
2036	2158
2085	2036
2281	2085
2053	2281
2076	2053
2083	2076
2356	2083
2369	2356
2357	2369
2655	2357
2557	2655
2545	2557
2653	2545
2330	2653
2106	2330
2301	2106
2342	2301
2311	2342
2307	2311
2300	2307
2021	2300
2175	2021
2379	2175
2336	2379
2489	2336
2479	2489
2079	2479
2371	2079
2532	2371
2331	2532
2315	2331
2081	2315
2297	2081
2537	2297
2664	2537
2511	2664
2416	2511
2284	2416
2697	2284
2452	2697
2394	2452
2492	2394
2546	2492
2490	2546
2261	2490
2260	2261
2322	2260
2285	2322
2304	2285
2265	2304
2498	2265
2507	2498
2561	2507
2246	2561
2231	2246
2458	2231
2674	2458
2270	2674
2248	2270
2239	2248
2142	2239
2206	2142
2652	2206
2631	2652
2457	2631
2200	2457
2571	2200
2518	2571
2428	2518
2312	2428
2414	2312
2244	2414
2192	2244
2186	2192
2210	2186
2401	2210
2259	2401
2353	2259
2335	2353
2245	2335
2229	2245
2220	2229
2162	2220
2292	2162
2202	2292
2387	2202
2374	2387
2223	2374
2153	2223
2105	2153
2020	2105
1999	2020
1959	1999
2120	1959
2521	2120
2266	2521
2273	2266
2217	2273
2413	2217
2388	2413
2237	2388
2212	2237
2211	2212
2222	2211
2144	2222
2145	2144
2093	2145
2064	2093
2385	2064
2124	2385
2164	2124
2321	2164
1803	2321
2003	1803
1807	2003
1593	1807
1774	1593
1740	1774
2082	1740
2108	2082
2216	2108
2132	2216
2117	2132
2116	2117
2133	2116
1928	2133
1765	1928
1680	1765
2107	1680
2099	2107
1931	2099
2152	1931
2305	2152
2329	2305
2267	2329
2359	2267
2097	2359
2156	2097
2264	2156
2247	2264
2087	2247
2015	2087
2008	2015
1802	2008
1792	1802
1981	1792
1749	1981
1985	1749
2089	1985
2077	2089
2063	2077
2056	2063
2048	2056
1996	2048
1976	1996
2047	1976
1848	2047
2134	1848
2025	2134
2002	2025
2033	2002
2011	2033
2007	2011
1832	2007
1744	1832
2096	1744
2059	2096
1983	2059
1866	1983
1833	1866
1992	1833
1906	1992
1845	1906
1781	1845
1750	1781
1955	1750
2232	1955
2138	2232
2224	2138
1926	2224
2060	1926
2013	2060
2100	2013
2088	2100
2078	2088
1888	2078
1894	1888
1854	1894
1769	1854
1941	1769
2130	1941
1856	2130
1768	1856
2234	1768
1917	2234
2183	1917
2389	2183
2177	2389
2127	2177
2118	2127
2398	2118
2225	2398
2209	2225
2207	2209
2196	2207
2023	2196
2203	2023
2139	2203
2104	2139
2169	2104
2086	2169
2075	2086
2242	2075
2113	2242
2058	2113
2017	2058
2054	2017
1933	2054
2182	1933
1930	2182
1922	1930
2154	1922
2187	2154
2161	2187
2160	2161
2094	2160
1972	2094
1920	1972
1929	1920
1882	1929
1974	1882
2055	1974
2043	2055
2184	2043
2102	2184
2149	2102
2074	2149
2095	2074
2068	2095
2069	2068
2057	2069
2035	2057
2039	2035
2199	2039
2071	2199
2066	2071
1998	2066
1874	1998
2050	1874
2024	2050
2029	2024
2049	2029
2034	2049
1990	2034
2038	1990
2103	2038
2028	2103
2073	2028
1975	2073
2376	1975
2251	2376
2296	2251
2041	2296
2325	2041
1971	2325
1903	1971
1927	1903
2272	1927
2302	2272
2381	2302
2299	2381
2328	2299
2298	2328
2279	2298
2181	2279
2219	2181
2295	2219
2362	2295
2288	2362
2269	2288
3988	2269
4972	3988
4829	4972
4773	4829
4748	4773
4662	4748
4485	4662
4294	4485
4056	4294
3925	4056
3641	3925
3518	3641
3238	3518
3170	3238
2820	3170
2741	2820
2434	2741
2238	2434
1838	2238
1789	1838
1570	1789
1532	1570
1423	1532
1272	1423
1125	1272
1060	1125
676	1060
634	676
262	634
72	262
2031	2269
2190	2031
2243	2190
2253	2243
2167	2253
1962	2167
2051	1962
1949	2051
1965	1949
1756	1965
1751	1756
1729	1751
1659	1729
1948	1659
1728	1948
1872	1728
1873	1872
2283	1873
2173	2283
1914	2173
1913	1914
2114	1913
1896	2114
2016	1896
1993	2016
2042	1993
2046	2042
2040	2046
1991	2040
2037	1991
1978	2037
1901	1978
1736	1901
1868	1736
2061	1868
2112	2061
1841	2112
1898	1841
1810	1898
1943	1810
2140	1943
2191	2140
2135	2191
2067	2135
2185	2067
2122	2185
2022	2122
1921	2022
2228	1921
2179	2228
2174	2179
2166	2174
1831	2166
1818	1831
1850	1818
1470	1850
1723	1470
1630	1723
1692	1630
1982	1692
1814	1982
1817	1814
1984	1817
1727	1984
1621	1727
1829	1621
1801	1829
2009	1801
2309	2009
2308	2309
2001	2308
2090	2001
2070	2090
2032	2070
1980	2032
1816	1980
1759	1816
2072	1759
2026	2072
1953	2026
1676	1953
1586	1676
1986	1586
1720	1986
2128	1720
2098	2128
1885	2098
2143	1885
2141	2143
2136	2141
2125	2136
1936	2125
1925	1936
1884	1925
1853	1884
2201	1853
2005	2201
1739	2005
2006	1739
1973	2006
1812	1973
1919	1812
1826	1919
1897	1826
2018	1897
2019	2018
2014	2019
1987	2014
1821	1987
1875	1821
1887	1875
1876	1887
1819	1876
1795	1819
1775	1795
1629	1775
1857	1629
1932	1857
1904	1932
1830	1904
1799	1830
1800	1799
1783	1800
1910	1783
1811	1910
1782	1811
1938	1782
1834	1938
1596	1834
1578	1596
1793	1578
1673	1793
1711	1673
1797	1711
1788	1797
1635	1788
1636	1635
1989	1636
2000	1989
1809	2000
1837	1809
1805	1837
1724	1805
1721	1724
1710	1721
1742	1710
1622	1742
1796	1622
1754	1796
1858	1754
1951	1858
1956	1951
1944	1956
1950	1944
1961	1950
1940	1961
1915	1940
1939	1915
2194	1939
1968	2194
1952	1968
1892	1952
1555	1892
1883	1555
1988	1883
1977	1988
1891	1977
1900	1891
1862	1900
1851	1862
1738	1851
1794	1738
1895	1794
1813	1895
1717	1813
1804	1717
1864	1804
1529	1864
1472	1529
1849	1472
1889	1849
1787	1889
1995	1787
2101	1995
1907	2101
1844	1907
1823	1844
1645	1823
1767	1645
2214	1767
1886	2214
1772	1886
1764	1772
1947	1764
1902	1947
1877	1902
1467	1877
2150	1467
2193	2150
2030	2193
1958	2030
1869	1958
1473	1869
1339	1473
1350	1339
1323	1350
1332	1323
1766	1332
1859	1766
1785	1859
1778	1785
1924	1778
1843	1924
1905	1843
1658	1905
1514	1658
1679	1514
1498	1679
1668	1498
1773	1668
1639	1773
1646	1639
1664	1646
1672	1664
1760	1672
1696	1760
1342	1696
1743	1342
1755	1743
1599	1755
1471	1599
1495	1471
1835	1495
1758	1835
1912	1758
1960	1912
1700	1960
1633	1700
1618	1633
1612	1618
1574	1612
1411	1574
1523	1411
1567	1523
1357	1567
1627	1357
1547	1627
1709	1547
1880	1709
1867	1880
1603	1867
1626	1603
1579	1626
1545	1579
1519	1545
1569	1519
1539	1569
1541	1539
1520	1541
1425	1520
1518	1425
1911	1518
1964	1911
1847	1964
1685	1847
1559	1685
1528	1559
1426	1528
1408	1426
1398	1408
1391	1398
1378	1391
1383	1378
1376	1383
1372	1376
2052	1372
1881	2052
1878	1881
1822	1878
1706	1822
1825	1706
1712	1825
1613	1712
1577	1613
1648	1577
1602	1648
2091	1602
2012	2091
1934	2012
2111	1934
2084	2111
1997	2084
2045	1997
1839	2045
1722	1839
1557	1722
1556	1557
1714	1556
1675	1714
1860	1675
1836	1860
1491	1836
1701	1491
1777	1701
1762	1777
1686	1762
1582	1686
1625	1582
1585	1625
1605	1585
1594	1605
1827	1594
1575	1827
1745	1575
1791	1745
1735	1791
1614	1735
1576	1614
1336	1576
1276	1336
1733	1276
2148	1733
1753	2148
1631	1753
1601	1631
1589	1601
1500	1589
1517	1500
1489	1517
1468	1489
1374	1468
1362	1374
1263	1362
1450	1263
1719	1450
1478	1719
1184	1478
1102	1184
771	1102
766	771
848	766
1496	848
1260	1496
1846	1260
1808	1846
1653	1808
1806	1653
1790	1806
1715	1790
1279	1715
1708	1279
1543	1708
1707	1543
1734	1707
1552	1734
1549	1552
1597	1549
1591	1597
1741	1591
1842	1741
1703	1842
1761	1703
1828	1761
1979	1828
1923	1979
1732	1923
1656	1732
1780	1656
1824	1780
1731	1824
1716	1731
1652	1716
1595	1652
1355	1595
1558	1355
1890	1558
1620	1890
1616	1620
1521	1616
1464	1521
1066	1464
1171	1066
1628	1171
1651	1628
2363	1651
2293	2363
1899	2293
2027	1899
1863	2027
1852	1863
1935	1852
1713	1935
1704	1713
1688	1704
1693	1688
1663	1693
1638	1663
1820	1638
1746	1820
1718	1746
1624	1718
1611	1624
1546	1611
1562	1546
1600	1562
1682	1600
1662	1682
1512	1662
1779	1512
1655	1779
1643	1655
1449	1643
1484	1449
1455	1484
1503	1455
1354	1503
1434	1354
1786	1434
1479	1786
1509	1479
1660	1509
1163	1660
1482	1163
1331	1482
1352	1331
1474	1352
1438	1474
1497	1438
1861	1497
1855	1861
1698	1855
1644	1698
1623	1644
1448	1623
1409	1448
1299	1409
1476	1299
1540	1476
1487	1540
1403	1487
1404	1403
1401	1404
1397	1401
1251	1397
1289	1251
1524	1289
1406	1524
1535	1406
1609	1535
1598	1609
1554	1598
1413	1554
1564	1413
1563	1564
1405	1563
1274	1405
1281	1274
1389	1281
1407	1389
1301	1407
1373	1301
1295	1373
1305	1295
1615	1305
1702	1615
1661	1702
1634	1661
1606	1634
1588	1606
1573	1588
1421	1573
1550	1421
1461	1550
1771	1461
1278	1771
1697	1278
1587	1697
1632	1587
1619	1632
1604	1619
1501	1604
1565	1501
1285	1565
1321	1285
1204	1321
1194	1204
1367	1194
1365	1367
1363	1365
1361	1363
1264	1361
1228	1264
1412	1228
1385	1412
1417	1385
1208	1417
1188	1208
1067	1188
1017	1067
1317	1017
1465	1317
1695	1465
1650	1695
1527	1650
1431	1527
1430	1431
1463	1430
1657	1463
1341	1657
1435	1341
1492	1435
1533	1492
1666	1533
1752	1666
1748	1752
1513	1748
1502	1513
1469	1502
1641	1469
1684	1641
1730	1684
1705	1730
1551	1705
1340	1551
1292	1340
1477	1292
1343	1477
1671	1343
1669	1671
1571	1669
1553	1571
1726	1553
1610	1726
1581	1610
1544	1581
1516	1544
1493	1516
1396	1493
1419	1396
1394	1419
1537	1394
1538	1537
1534	1538
1607	1534
1737	1607
1393	1737
1526	1393
1462	1526
1427	1462
1531	1427
1525	1531
1424	1525
1416	1424
1422	1416
1395	1422
1402	1395
1377	1402
1392	1377
1371	1392
1364	1371
1379	1364
1414	1379
1418	1414
1560	1418
1530	1560
1548	1530
1522	1548
1481	1522
1273	1481
1687	1273
1490	1687
1440	1490
1330	1440
1309	1330
1506	1309
1333	1506
1387	1333
1380	1387
1312	1380
1180	1312
1170	1180
1182	1170
1166	1182
1763	1166
1677	1763
1511	1677
1590	1511
1485	1590
1320	1485
1319	1320
1137	1319
1195	1137
1313	1195
1270	1313
1327	1270
1410	1327
1256	1410
1369	1256
1390	1369
1399	1390
1415	1399
1265	1415
1388	1265
1277	1388
1580	1277
1253	1580
1291	1253
1536	1291
1346	1536
1154	1346
1300	1154
1249	1300
1178	1249
1248	1178
1155	1248
1106	1155
1572	1106
1458	1572
1446	1458
1437	1446
1239	1437
1128	1239
1452	1128
1447	1452
1351	1447
1216	1351
1338	1216
1353	1338
1214	1353
1322	1214
1725	1322
1444	1725
1433	1444
1400	1433
1334	1400
1310	1334
1147	1310
1236	1147
1113	1236
830	1113
687	830
622	687
486	622
1840	486
1957	1840
1946	1957
1784	1946
1776	1784
1699	1776
1689	1699
1483	1689
1381	1483
1359	1381
1670	1359
1230	1670
1432	1230
1267	1432
1254	1267
1329	1254
1039	1329
1092	1039
1120	1092
1135	1120
1219	1135
1271	1219
1459	1271
1617	1459
1608	1617
1445	1608
1326	1445
1262	1326
1144	1262
1220	1144
1246	1220
1161	1246
1094	1161
1197	1094
1176	1197
1162	1176
1191	1162
1193	1191
1030	1193
1250	1030
1207	1250
990	1207
1007	990
805	1007
1370	805
1159	1370
1169	1159
1157	1169
1151	1157
1075	1151
1084	1075
1134	1084
1057	1134
1055	1057
989	1055
898	989
981	898
1133	981
1568	1133
1297	1568
1202	1297
1187	1202
1213	1187
1227	1213
1337	1227
1494	1337
1505	1494
1460	1505
1441	1460
1257	1441
1439	1257
1665	1439
1798	1665
1681	1798
1908	1681
1691	1908
1683	1691
1674	1683
1667	1674
1218	1667
1071	1218
721	1071
1233	721
1130	1233
1114	1130
1325	1114
1345	1325
1079	1345
1344	1079
1308	1344
1311	1308
1212	1311
1649	1212
1211	1649
1101	1211
1199	1101
1038	1199
1241	1038
1088	1241
1158	1088
1315	1158
1386	1315
1499	1386
1488	1499
1475	1488
1654	1475
1640	1654
1457	1640
1454	1457
1086	1454
1561	1086
1356	1561
1316	1356
1302	1316
1296	1302
1288	1296
1245	1288
1221	1245
1200	1221
1028	1200
1165	1028
1287	1165
1335	1287
1268	1335
1261	1268
1238	1261
1348	1238
1314	1348
1259	1314
1283	1259
1209	1283
1542	1209
1027	1542
1076	1027
1050	1076
1189	1050
1190	1189
1235	1190
1304	1235
1081	1304
914	1081
966	914
823	966
803	823
909	803
931	909
809	931
1083	809
868	1083
756	868
865	756
901	865
1181	901
1069	1181
997	1069
972	997
961	972
939	961
994	939
1146	994
1123	1146
996	1123
879	996
918	879
1019	918
1967	1019
1153	1967
1366	1153
1160	1366
1013	1160
1306	1013
867	1306
1290	867
1566	1290
1142	1566
1026	1142
1016	1026
1048	1016
1136	1048
1167	1136
1368	1167
1269	1368
1225	1269
1466	1225
1443	1466
1349	1443
1229	1349
1243	1229
1203	1243
1240	1203
1232	1240
1226	1232
1428	1226
1252	1428
1258	1252
1089	1258
1206	1089
1174	1206
1175	1174
1062	1175
999	1062
829	999
1058	829
1149	1058
1143	1149
1073	1143
1042	1073
736	1042
1224	736
1275	1224
828	1275
894	828
719	894
854	719
1010	854
902	1010
1037	902
932	1037
1584	932
1004	1584
1001	1004
968	1001
795	968
923	795
900	923
1150	900
1011	1150
930	1011
933	930
1025	933
1021	1025
1093	1021
1023	1093
1080	1023
1095	1080
1052	1095
1096	1052
1234	1096
1043	1234
1020	1043
984	1020
864	984
1040	864
977	1040
1003	977
973	1003
1068	973
888	1068
922	888
897	922
891	897
916	891
1091	916
1054	1091
649	1054
955	649
1064	955
1215	1064
720	1215
664	720
1110	664
1070	1110
1141	1070
1196	1141
945	1196
965	945
947	965
862	947
1192	862
1303	1192
1286	1303
1201	1286
1179	1201
1156	1179
1014	1156
1045	1014
967	1045
954	967
1002	954
1247	1002
856	1247
1012	856
960	1012
1006	960
1284	1006
991	1284
934	991
908	934
1103	908
1298	1103
1436	1298
1420	1436
1282	1420
1022	1282
925	1022
760	925
625	760
819	625
1172	819
1138	1172
1148	1138
1255	1148
1223	1255
1307	1223
1231	1307
1124	1231
1121	1124
1318	1121
1237	1318
1164	1237
913	1164
944	913
875	944
702	875
723	702
701	723
907	701
896	907
1140	896
1131	1140
1107	1131
1105	1107
1074	1105
726	1074
677	726
661	677
1085	661
1053	1085
716	1053
1129	716
1115	1129
1108	1115
1117	1108
1109	1117
1592	1109
1515	1592
1360	1515
1210	1360
1242	1210
1099	1242
1051	1099
1097	1051
1018	1097
924	1018
1035	924
835	1035
820	835
1047	820
942	1047
940	942
815	940
645	815
962	645
953	962
1183	953
935	1183
877	935
790	877
743	790
950	743
878	950
845	878
1005	845
970	1005
976	970
951	976
1384	951
1382	1384
986	1382
1152	986
1173	1152
1293	1173
1294	1293
846	1294
880	846
963	880
952	963
1036	952
1122	1036
928	1122
910	928
903	910
884	903
937	884
998	937
904	998
886	904
885	886
912	885
872	912
866	872
453	866
430	453
853	430
427	853
554	427
425	554
778	425
818	778
855	818
892	855
631	892
831	631
632	831
841	632
889	841
824	889
843	824
987	843
1375	987
978	1375
727	978
711	727
698	711
492	698
479	492
199	479
216	199
883	216
1061	883
995	1061
943	995
440	943
223	440
851	223
988	851
1008	988
786	1008
920	786
270	920
800	786
874	800
816	874
773	816
788	773
860	788
330	860
1104	330
1056	1104
1116	1056
1112	1116
1049	1112
1031	1049
833	1031
796	833
1090	796
985	1090
983	985
969	983
957	969
926	957
936	926
890	936
881	890
979	881
917	979
980	917
1009	980
915	1009
893	915
887	893
808	887
777	808
810	777
839	810
948	839
975	948
938	975
825	938
811	825
895	811
708	895
882	708
794	882
832	794
765	832
757	765
738	757
706	738
1132	706
1139	1132
1205	1139
751	1205
670	751
694	670
619	694
666	619
715	666
691	715
731	691
1087	731
1111	1087
1126	1111
971	1126
993	971
919	993
837	919
763	837
755	763
679	755
750	679
732	750
739	732
759	739
870	759
793	870
781	793
964	781
927	964
557	927
827	557
550	827
443	550
1034	443
1041	1034
592	1041
528	592
521	528
806	521
776	806
659	776
623	659
784	623
783	784
817	783
792	817
838	792
775	838
869	775
1082	869
958	1082
921	958
1059	921
941	1059
859	941
905	859
871	905
785	871
844	785
633	844
607	633
745	607
439	745
1033	439
650	1033
652	650
618	652
611	618
861	611
222	861
209	222
749	209
1032	749
911	1032
746	911
689	746
665	689
673	665
1072	673
802	1072
801	802
748	801
640	748
495	640
744	495
741	744
1100	741
1065	1100
690	1065
658	690
822	658
780	822
782	780
718	782
821	718
424	821
239	424
537	239
432	537
614	432
671	614
624	671
764	624
469	764
182	469
1015	182
752	1015
730	752
747	730
840	747
876	840
728	876
762	728
638	762
850	638
753	850
709	753
713	709
678	713
629	678
696	629
779	696
857	779
555	857
812	555
568	812
740	568
540	740
536	540
551	536
549	551
470	549
336	470
247	336
426	247
403	426
653	403
686	653
547	686
834	547
873	834
849	873
791	849
699	791
697	699
643	697
604	643
542	604
567	542
563	567
562	563
530	562
480	530
710	480
628	710
595	628
523	595
326	523
600	326
734	600
1063	734
1186	1063
768	1186
1222	768
1078	1222
758	1078
712	758
685	712
596	685
573	596
1266	573
1451	1266
1429	1451
1480	1429
1456	1480
1358	1456
992	1358
693	992
688	693
594	688
648	594
754	648
737	754
1118	737
1328	1118
1177	1328
1077	1177
772	1077
714	772
546	714
496	546
608	496
516	608
504	516
717	504
615	717
359	615
742	359
700	742
681	700
621	681
597	621
586	597
761	586
683	761
589	683
580	589
769	580
657	769
509	657
680	509
416	680
300	416
906	300
725	906
431	725
842	431
863	842
836	863
541	863
572	541
444	572
435	444
787	435
641	787
571	641
422	571
380	422
54	422
163	435
807	163
770	807
455	770
654	455
798	654
446	798
636	446
574	636
346	574
364	346
282	364
251	282
76	251
281	76
467	281
466	467
249	466
108	249
561	108
774	561
577	774
489	577
459	489
379	459
581	379
620	581
672	620
668	672
733	668
667	733
724	667
613	724
570	613
603	570
609	603
526	609
565	526
535	565
974	535
703	974
1324	703
1244	1324
1024	1244
569	1024
500	569
518	500
598	518
485	598
527	485
488	527
601	488
590	601
583	590
646	583
591	646
503	591
704	503
695	704
682	695
735	682
662	735
593	662
517	593
505	517
244	505
669	244
663	669
585	663
647	585
575	647
612	575
684	612
588	684
610	588
498	610
447	498
413	447
637	413
506	637
348	506
524	348
616	524
558	616
341	558
353	341
327	353
79	327
339	79
198	339
478	198
321	478
268	321
257	268
410	257
429	410
383	429
534	383
522	534
519	522
531	519
514	531
508	514
502	508
462	502
481	462
392	481
355	392
285	355
324	285
494	324
472	494
405	472
406	405
605	406
599	605
418	599
584	418
513	584
501	513
515	501
538	515
358	538
297	358
343	297
391	343
412	391
490	412
347	490
507	347
512	507
578	512
450	578
387	450
291	387
131	291
94	131
442	94
397	442
274	397
57	274
204	57
116	94
400	116
411	400
372	411
368	372
394	368
369	394
370	369
404	370
386	404
482	386
461	482
258	461
363	482
493	363
660	493
675	660
639	675
491	639
656	491
627	656
644	627
655	644
630	655
576	630
626	576
497	626
651	497
692	651
553	692
511	553
452	511
471	452
474	471
409	474
384	409
606	384
579	606
602	579
582	602
674	582
266	674
290	266
287	290
271	287
390	271
248	271
113	248
344	113
333	344
99	333
399	99
617	399
315	617
381	315
382	381
385	382
415	385
525	415
635	525
475	635
477	475
454	477
191	454
241	191
858	241
642	858
814	642
539	814
371	539
269	371
211	269
847	211
543	847
190	543
206	190
208	206
213	208
320	213
310	320
245	310
194	245
203	194
214	203
238	214
767	238
560	767
532	560
476	532
799	476
899	799
826	899
813	826
789	813
235	789
473	235
352	473
265	352
205	265
176	205
88	176
197	88
192	197
361	192
428	361
342	428
207	342
566	207
559	566
374	559
233	374
195	233
48	195
172	233
134	172
221	134
77	221
193	134
175	193
188	175
169	188
423	169
301	423
445	301
533	445
441	533
438	441
335	438
124	335
408	124
69	408
202	69
230	124
377	230
356	377
325	356
318	325
309	318
111	309
115	111
259	115
419	259
456	419
483	456
417	483
366	417
357	366
331	357
296	331
68	331
407	68
307	407
313	307
328	313
464	328
351	464
316	351
277	316
420	277
401	420
388	401
365	388
294	365
102	294
305	102
56	305
90	56
317	90
362	317
457	362
337	457
289	337
92	289
284	92
42	284
86	42
153	86
460	153
218	460
311	218
250	311
151	250
187	151
226	187
212	226
19	187
22	19
25	22
70	25
5	22
64	5
367	64
273	367
66	367
133	151
21	250
157	21
350	157
110	311
114	110
184	114
174	184
280	174
120	280
183	120
323	183
302	323
349	302
61	349
74	61
58	74
254	58
224	254
436	224
451	436
293	451
292	293
421	292
314	421
299	314
97	299
112	97
95	112
80	95
28	80
0	28
44	112
39	44
329	39
510	329
463	510
520	463
437	520
375	437
373	375
227	373
243	227
232	243
220	243
338	220
360	338
312	360
267	312
286	267
91	286
31	312
263	31
50	263
16	50
26	16
23	31
84	23
63	84
13	23
340	13
378	340
264	378
308	264
396	308
225	396
246	225
164	246
149	164
236	149
161	236
219	161
228	219
217	228
160	217
156	160
123	156
231	123
210	231
468	210
448	468
201	448
178	201
159	178
126	178
119	448
140	119
29	140
18	140
162	231
129	162
128	162
130	128
186	130
148	160
152	148
189	152
139	152
154	139
145	154
138	145
229	138
181	229
146	181
62	146
283	62
177	283
147	177
89	229
165	89
144	165
107	144
96	107
6	96
43	144
306	43
55	306
53	306
98	53
51	98
45	51
33	45
167	33
256	167
83	256
27	167
36	27
14	36
41	51
15	41
106	15
10	15
49	10
85	49
127	85
81	127
9	81
4	9
75	4
20	75
125	20
272	125
73	272
103	73
142	103
141	125
24	85
30	51
121	138
40	121
122	145
105	145
93	378
52	93
37	52
38	37
17	38
100	17
59	100
12	17
8	37
47	8
304	338
564	304
544	564
529	544
465	529
449	465
395	449
303	395
137	303
117	544
278	117
332	278
319	332
240	319
170	319
150	170
1	150
35	278
7	35
260	304
393	260
345	393
295	345
255	295
71	255
215	314
179	215
11	42
242	318
552	242
852	552
548	852
234	548
67	548
237	445
132	169
168	188
158	168
32	134
3	176
166	190
173	166
556	173
587	556
484	587
398	484
288	398
200	288
171	200
143	190
252	371
78	252
34	78
109	248
65	109
82	341
402	82
322	402
261	322
253	261
196	253
433	518
414	433
185	414
60	185
155	76
180	800
135	180
46	1026
2355	46
2258	2355
2230	2258
1145	2230
1046	1145
1029	1046
946	1029
499	946
354	499
136	354
104	136
982	1123
959	982
797	959
545	797
487	545
334	487
298	334
101	298
87	101
0	0
0	0
0	0
0	0
0	0
0	0
0	0
0	0
0	0
0	0
0	0
0	0
0	0
0	0
0	0
0	0
0	0
0	0
0	0
0	0
0	0
0	0
0	0
0	0
0	0
0	0
0	0
0	0
0	0
0	0
0	0
0	0
0	0
0	0
0	0
0	0
0	0
0	0
0	0
0	0
0	0
0	0
0	0
0	0
0	0
0	0
0	0
0	0
0	0
0	0
0	0
0	0
0	0
0	0
0	0
0	0
0	0
0	0
0	0
0	0
0	0
0	0
0	0
0	0
0	0
0	0
0	0
0	0
0	0
0	0
0	0
0	0
0	0
0	0
0	0
0	0
0	0
0	0
0	0
0	0
0	0
0	0
0	0
0	0
0	0
0	0
0	0
