Cell	Parent
0	-1
5057	0
5119	5057
5096	5119
5099	5096
5095	5099
5084	5095
5081	5084
4960	5081
4919	4960
4945	4919
4970	4945
4924	4970
4651	4924
4887	4651
4882	4887
4783	4882
4744	4783
5065	4744
5006	5065
4995	5006
4837	4995
5029	4837
4983	5029
4931	4983
4904	4931
4951	4904
5123	4951
5062	5123
4947	5062
5104	4947
4909	5104
4965	4909
4928	4965
5023	4928
5110	5023
5122	5110
5116	5122
5090	5116
5089	5090
5127	5089
5114	5127
5106	5114
5048	5106
5093	5048
5082	5093
5051	5082
5034	5051
5047	5034
5041	5047
5115	5041
5108	5115
5080	5108
5086	5080
5069	5086
5056	5069
5060	5056
5020	5060
5066	5020
5043	5066
5021	5043
5027	5021
5014	5027
4899	5014
4901	4899
4851	4901
5016	4851
5013	5016
5007	5013
4953	5007
4954	4953
4836	4954
4749	4836
4754	4749
4938	4754
5046	4938
5012	5046
4986	5012
4858	4986
5088	4858
5018	5088
5049	5018
5117	5049
5063	5117
5078	5063
5031	5078
5059	5031
4861	5059
5052	4861
5026	5052
4846	5026
4862	4846
4790	4862
5037	4790
4849	5037
5010	4849
4832	5010
5042	4832
5017	5042
5097	5017
4961	5097
5107	4961
5124	5107
5125	5124
5098	5125
5087	5098
5061	5087
5074	5061
5022	5074
5113	5022
5118	5113
5105	5118
5100	5105
5070	5100
5032	5070
4854	5032
5044	4854
5053	5044
5075	5053
5111	5075
5077	5111
5025	5077
4856	5025
4827	4856
4900	4827
5072	4900
5024	5072
4799	5024
5033	4799
5109	5033
4950	5109
4863	4950
4835	4863
4768	4835
4814	4768
5083	4814
5030	5083
4821	5030
4992	4821
4762	4992
4729	4762
4758	4729
4987	4758
5079	4987
4743	5079
4842	4743
4777	4842
4740	4777
4855	4740
4806	4855
4778	4806
4726	4778
5003	4726
4977	5003
5121	4977
5071	5121
5028	5071
5036	5028
4974	5036
4971	4974
4929	4971
4930	4929
4921	4930
4907	4921
5005	4907
4994	5005
4976	4994
4888	4976
4927	4888
4991	4927
5120	4991
4869	5120
4810	4869
4652	4810
4653	4652
4936	4653
4943	4936
4926	4943
4771	4926
4751	4771
4747	4751
4574	4747
4392	4574
4336	4392
4295	4336
4784	4295
4511	4784
4639	4511
4894	4639
4891	4894
4917	4891
4906	4917
4922	4906
4886	4922
4654	4886
4918	4654
4809	4918
4709	4809
4629	4709
4724	4629
4681	4724
4897	4681
4761	4897
5040	4761
5073	5040
5064	5073
5015	5064
4848	5015
4795	4848
4785	4795
4844	4785
4973	4844
4966	4973
4989	4966
5101	4989
5054	5101
5102	5054
5039	5102
4981	5039
4956	4981
4934	4956
4959	4934
4978	4959
4969	4978
4963	4969
4911	4963
4925	4911
4996	4925
4946	4996
4913	4946
4807	4913
4826	4807
4962	4826
4843	4962
4838	4843
4800	4838
4798	4800
4779	4798
5008	4779
4834	5008
4857	4834
4840	4857
4831	4840
4805	4831
4823	4805
4853	4823
4812	4853
4841	4812
4868	4841
4828	4868
4822	4828
4562	4822
4731	4562
4732	4731
4725	4732
4715	4725
4774	4715
4665	4774
4881	4665
4985	4881
4786	4985
4998	4786
4865	4998
4534	4865
4644	4534
4883	4644
4910	4883
4741	4910
4870	4741
4905	4870
4803	4905
4769	4803
4630	4769
4557	4630
4535	4557
4529	4535
4467	4529
4452	4467
4393	4452
4360	4393
4334	4360
5058	4334
4378	5058
4293	4378
4259	4293
4278	4259
5068	4278
4939	5068
4776	4939
4678	4776
4645	4678
4603	4645
4595	4603
4545	4595
4531	4545
4422	4531
4232	4422
4270	4232
4544	4270
4505	4544
4712	4505
4792	4712
4988	4792
4952	4988
4859	4952
4559	4859
4980	4559
4820	4980
4661	4820
4643	4661
4577	4643
4381	4577
4148	4381
4127	4148
4068	4127
3956	4068
3648	3956
3601	3648
4228	3601
4815	4228
4504	4815
4265	4504
4067	4265
4038	4067
4006	4038
3964	4006
3610	3964
3591	3610
3579	3591
3551	3579
4132	3551
4397	4132
4513	4397
4631	4513
4430	4631
4618	4430
4782	4618
4614	4782
4738	4614
4437	4738
4704	4437
4690	4704
4590	4690
4845	4590
4816	4845
4750	4816
4788	4750
4684	4788
4615	4684
4708	4615
4612	4708
4512	4612
4852	4512
4839	4852
4802	4839
4573	4802
4466	4573
4949	4466
5011	4949
4935	5011
4540	4935
4522	4540
4640	4522
4579	4640
4424	4579
4650	4424
4649	4650
4624	4649
4501	4624
4625	4501
4902	4625
4866	4902
4576	4866
4676	4576
4721	4676
4516	4721
4697	4516
4500	4697
4705	4500
4658	4705
4896	4658
4736	4896
4818	4736
4984	4818
4982	4984
4944	4982
4912	4944
4903	4912
4898	4903
4880	4898
4733	4880
4730	4733
4680	4730
4582	4680
4695	4582
4759	4695
4723	4759
4700	4723
4720	4700
4668	4720
4600	4668
4691	4600
4465	4691
4674	4465
4675	4674
4656	4675
4874	4656
4764	4874
4657	4764
4561	4657
4565	4561
4804	4565
4819	4804
4850	4819
4808	4850
4875	4808
5038	4875
4997	5038
4967	4997
5001	4967
4955	5001
4872	4955
4824	4872
4923	4824
4964	4923
4760	4964
4707	4760
4642	4707
4990	4642
4942	4990
4937	4942
4916	4937
5004	4916
4979	5004
4876	4979
5085	4876
5076	5085
5002	5076
4940	5002
4999	4940
4889	4999
4825	4889
4871	4825
4781	4871
4718	4781
4566	4718
5035	4566
5009	5035
4864	5009
4933	4864
4775	4933
4957	4775
4780	4957
4734	4780
4714	4734
4699	4714
3521	4699
4687	3521
4770	4687
4717	4770
4702	4717
4673	4702
4598	4673
4608	4598
4686	4608
4440	4686
4638	4440
4508	4638
4634	4508
4753	4634
4622	4753
4620	4622
4890	4620
4745	4890
4688	4745
4801	4688
4908	4801
4072	4908
4664	4072
4737	4664
4518	4737
4710	4518
4553	4710
4533	4553
4526	4533
4509	4526
4555	4509
4635	4555
4932	4635
4648	4932
4641	4648
4403	4641
4342	4403
4660	4342
4627	4660
4669	4627
4655	4669
4659	4655
4646	4659
4637	4646
4554	4637
4492	4554
4506	4492
4496	4506
4419	4496
4475	4419
4442	4475
4878	4442
4941	4878
5094	4941
5050	5094
4877	5050
4847	4877
4605	4847
4601	4605
4543	4601
4498	4543
4552	4498
4413	4552
4503	4413
4398	4503
4401	4398
4755	4401
4920	4755
5067	4920
4975	5067
4879	4975
4677	4879
4548	4677
4507	4548
4429	4507
4299	4429
4914	4299
4493	4914
4563	4493
4394	4563
4383	4394
4271	4383
4078	4271
4172	4078
4679	4172
4765	4679
4968	4765
5112	4968
5019	5112
4958	5019
4860	4958
4948	4860
4833	4948
4767	4833
4915	4767
4813	4915
4772	4813
4703	4772
4685	4703
4696	4685
4711	4696
4626	4711
4587	4626
4817	4587
4567	4817
4693	4567
4682	4693
4520	4682
4488	4520
4892	4488
4483	4892
4477	4483
4367	4477
4585	4367
4444	4585
4180	4444
4181	4180
4245	4181
4547	4245
4364	4547
4619	4364
4581	4619
4528	4581
4323	4528
4551	4323
4546	4551
4596	4546
4497	4596
4490	4497
4476	4490
4434	4476
4308	4434
4486	4308
4304	4486
4301	4304
4274	4301
4428	4274
4414	4428
4297	4414
4276	4297
4260	4276
4302	4260
4231	4302
4242	4231
4356	4242
4315	4356
4623	4315
4514	4623
4433	4514
4538	4433
4564	4538
4616	4564
4719	4616
4450	4719
4410	4450
4797	4410
4689	4797
4435	4689
4346	4435
4273	4346
4491	4273
4230	4491
4560	4230
4142	4560
4389	4142
4282	4389
4261	4282
4235	4261
4203	4235
4214	4203
3989	4214
4510	3989
4464	4510
4742	4464
4670	4742
4602	4670
4757	4602
4766	4757
5103	4766
4746	5103
4756	4746
4728	4756
4727	4728
4298	4727
4666	4298
4345	4666
4129	4345
4613	4129
4471	4613
4161	4471
4523	4161
4330	4523
4487	4330
4474	4487
4461	4474
4470	4461
4592	4470
4586	4592
4584	4586
4570	4584
4396	4570
4376	4396
4536	4376
4530	4536
4468	4530
4604	4468
4447	4604
4550	4447
4222	4550
3619	4222
4441	3619
4698	4441
4495	4698
4893	4495
4525	4893
4482	4525
4443	4482
4439	4443
4290	4439
4246	4290
4257	4246
4793	4257
4426	4793
4423	4426
4122	4423
4109	4122
4494	4109
4358	4494
4588	4358
4571	4588
4606	4571
5091	4606
4867	5091
4830	4867
4794	4830
4692	4794
4701	4692
4722	4701
4583	4722
4609	4583
4716	4609
4713	4716
4671	4713
4569	4671
4591	4569
4706	4591
4632	4706
4549	4632
4542	4549
4594	4542
4787	4594
4541	4787
4484	4541
4445	4484
4438	4445
4380	4438
4320	4380
4386	4320
4391	4386
4481	4391
4524	4481
4478	4524
4338	4478
4365	4338
4539	4365
4427	4539
4575	4427
4621	4575
4517	4621
4432	4517
4663	4432
4499	4663
4502	4499
4415	4502
4238	4415
4404	4238
4347	4404
4436	4347
4357	4436
4329	4357
4339	4329
4325	4339
4322	4325
4599	4322
4610	4599
4568	4610
4472	4568
4694	4472
4647	4694
4617	4647
4580	4617
4469	4580
4462	4469
4454	4462
4453	4454
4448	4453
4116	4448
3853	4116
4362	3853
4521	4362
4348	4521
4457	4348
4010	4457
4215	4010
4154	4215
4086	4154
4113	4086
4873	4113
4421	4873
4321	4421
4318	4321
4227	4318
4277	4227
4263	4277
4412	4263
4115	4412
4077	4115
4059	4077
4017	4059
4015	4017
4045	4015
4009	4045
4314	4009
4251	4314
4409	4251
4233	4409
4480	4233
4425	4480
4400	4425
4340	4400
4319	4340
4479	4319
4532	4479
4489	4532
4420	4489
4408	4420
4337	4408
4402	4337
4350	4402
4344	4350
4341	4344
4324	4341
4285	4324
4311	4285
4343	4311
4289	4343
4359	4289
4335	4359
4333	4335
4236	4333
4123	4236
3915	4123
4202	3915
4286	4202
4151	4286
4281	4151
4218	4281
4310	4218
4309	4310
4306	4309
4303	4306
4292	4303
4211	4292
4254	4211
4224	4254
4275	4224
4213	4275
4175	4213
4247	4175
4374	4247
4272	4374
4267	4272
4515	4267
4170	4515
4070	4170
4244	4070
4209	4244
4156	4209
4134	4156
4252	4134
4291	4252
4118	4291
4146	4118
4385	4146
4269	4385
4143	4269
4037	4143
4188	4037
4023	4188
3999	4023
4133	3999
4266	4133
4255	4266
4237	4255
4312	4237
4331	4312
4144	4331
4191	4144
4153	4191
4287	4153
4250	4287
4193	4250
4150	4193
4253	4150
4186	4253
3740	4186
3865	3740
4195	3865
3858	4195
4366	3858
4399	4366
4178	4399
4176	4178
3911	4176
3898	3911
3894	3898
4208	3894
4249	4208
4371	4249
4527	4371
4375	4527
4169	4375
4165	4169
4370	4165
4556	4370
4519	4556
4473	4519
4458	4473
4332	4458
4229	4332
4405	4229
4407	4405
4372	4407
4411	4372
4791	4411
4789	4791
4558	4789
4451	4558
4446	4451
4206	4446
4243	4206
4377	4243
4382	4377
4361	4382
4572	4361
4463	4572
4284	4463
3951	4284
4611	3951
4368	4611
4388	4368
4126	4388
3903	4126
4110	3903
4103	4110
4088	4103
3889	4088
3879	3889
3806	3879
3799	3806
4080	3799
3845	4080
3888	3845
3987	3888
4025	3987
4459	4025
4406	4459
4328	4406
4280	4328
4220	4280
4288	4220
4460	4288
4327	4460
4628	4327
4578	4628
4395	4578
4369	4395
4199	4369
4125	4199
3969	4125
4355	3969
4354	4355
4140	4354
4112	4140
3957	4112
4219	3957
3937	4219
4262	3937
4155	4262
4455	4155
4456	4455
4119	4456
4379	4119
4317	4379
4121	4317
4283	4121
4194	4283
4024	4194
3807	4024
3770	3807
3766	3770
3714	3766
3901	3714
4007	3901
4084	4007
4234	4084
4021	4234
4158	4021
4087	4158
4074	4087
4100	4074
4373	4100
4130	4373
4279	4130
4239	4279
4210	4239
3952	4210
4120	3952
4163	4120
4011	4163
4221	4011
4431	4221
4416	4431
4305	4416
4307	4305
4417	4307
4034	4417
4005	4034
4033	4005
4039	4033
4387	4039
4171	4387
4168	4171
4300	4168
4212	4300
4149	4212
4197	4149
4052	4197
4055	4052
4136	4055
3968	4136
3682	3968
4145	3682
4041	4145
3976	4041
4217	3976
4117	4217
4106	4117
4076	4106
3764	4076
3899	3764
3674	3899
3686	3674
4190	3686
4105	4190
4075	4105
4114	4075
4013	4114
4058	4013
4003	4058
3994	4003
3676	3994
4012	3676
4060	4012
3662	4060
3754	3662
3955	3754
3843	3955
3690	3843
3750	3690
4049	3750
4183	4049
4258	4183
4147	4258
4316	4147
4029	4316
4326	4029
4089	4326
4065	4089
4018	4065
4185	4018
4054	4185
4047	4054
4020	4047
4042	4020
4069	4042
4200	4069
4182	4200
4240	4182
4107	4240
4189	4107
4225	4189
4201	4225
4196	4201
4192	4196
4061	4192
4092	4061
4102	4092
4111	4102
3908	4111
3802	3908
3883	3802
4082	3883
4085	4082
4173	4085
3733	4173
3943	3733
3980	3943
4152	3980
4098	4152
3993	4098
3775	3993
4036	3775
3424	4036
3991	3424
4030	3991
3675	4030
3939	3675
4008	3939
4160	4008
4204	4160
4167	4204
4016	4167
4040	4016
4093	4040
4164	4093
4099	4164
3948	4099
4004	3948
3970	4004
3967	3970
3945	3967
3905	3945
3973	3905
3986	3973
3938	3986
3871	3938
3823	3871
3860	3823
3931	3860
3801	3931
3718	3801
3748	3718
3664	3748
3753	3664
3949	3753
3932	3949
4026	3932
3936	4026
3917	3936
3963	3917
4537	3963
3984	4537
3946	3984
4081	3946
3833	4081
3867	3833
4597	3867
3918	4597
4353	3918
4095	4353
3900	4095
3902	3900
3897	3902
3896	3897
4000	3896
3971	4000
3919	3971
4138	3919
3913	4138
3836	3913
3829	3836
3877	3829
3849	3877
3966	3849
4124	3966
3881	4124
3869	3881
3803	3869
3785	3803
3761	3785
3856	3761
3857	3856
3887	3857
3846	3887
3710	3846
3695	3710
3625	3695
3773	3625
3752	3773
3992	3752
3935	3992
3768	3935
3723	3768
3663	3723
3739	3663
3891	3739
3590	3891
3651	3590
3577	3651
3633	3577
3873	3633
3809	3873
3767	3809
3758	3767
3737	3758
3720	3737
3786	3720
3868	3786
3892	3868
4035	3892
4094	4035
3859	4094
3776	3859
3830	3776
3744	3830
3724	3744
3916	3724
3941	3916
3961	3941
4187	3961
3985	4187
3847	3985
3934	3847
3864	3934
4071	3864
3852	4071
3851	3852
3812	3851
4241	3812
4066	4241
4128	4066
4063	4128
3914	4063
3929	3914
4593	3929
4589	4593
4449	4589
4363	4449
4351	4363
4223	4351
4216	4223
3974	4216
3959	3974
3904	3959
3882	3904
3855	3882
3512	3855
3461	3512
3443	3461
3515	3443
3522	3515
3501	3522
3795	3501
3811	3795
3872	3811
3884	3872
4179	3884
3817	4179
3886	3817
3878	3886
3909	3878
3848	3909
3834	3848
3854	3834
3444	3854
3825	3444
3777	3825
3793	3777
4131	3793
4096	4131
4349	4096
4064	4349
3814	4064
3837	3814
3828	3837
3794	3828
3779	3794
3694	3779
3792	3694
3824	3792
4390	3824
3870	4390
3732	3870
3769	3732
3745	3769
3875	3745
3880	3875
5000	3880
5126	5000
5092	5126
5045	5092
4993	5045
4885	4993
4811	4885
4796	4811
4607	4796
4256	4607
4205	4256
3998	4205
2992	3998
2628	2992
2508	2628
2483	2508
2425	2483
3734	2425
4174	3734
4079	4174
4184	4079
4268	4184
4159	4268
4073	4159
4097	4073
4027	4097
4022	4027
3839	4022
3756	3839
3660	3756
3623	3660
3513	3623
3605	3513
4137	3605
3636	4137
3578	3636
3816	3578
4207	3816
3933	4207
4031	3933
3685	4031
3669	3685
3649	3669
3624	3649
3593	3624
3612	3593
3632	3612
3947	3632
3747	3947
3701	3747
3609	3701
3721	3609
3585	3721
3597	3585
3665	3597
3645	3665
3640	3645
3638	3640
3983	3638
3613	3983
3546	3613
3608	3546
3705	3608
3787	3705
3838	3787
3445	3838
3800	3445
3726	3800
4101	3726
4091	4101
3965	4091
3895	3965
3861	3895
3893	3861
3835	3893
3842	3835
3841	3842
3840	3841
3808	3840
3789	3808
3804	3789
3783	3804
3796	3783
3715	3796
3466	3715
3702	3466
3463	3702
3712	3463
3547	3712
3717	3547
3692	3717
3729	3692
3728	3729
3543	3728
3529	3543
3531	3529
3540	3531
3527	3540
3562	3527
3429	3562
3388	3429
2971	3388
3528	2971
3496	3528
3725	3496
3741	3725
3922	3741
4083	3922
3820	4083
3782	3820
3473	3782
3700	3473
3536	3700
3797	3536
3874	3797
3393	3874
3462	3393
3693	3462
3921	3693
3950	3921
3600	3950
3594	3600
3661	3594
4062	3661
4139	4062
4051	4139
3972	4051
3683	3972
3923	3683
3958	3923
3681	3958
4135	3681
3928	4135
4108	3928
4177	4108
4050	4177
4014	4050
3680	4014
4032	3680
4044	4032
4157	4044
4141	4157
3930	4141
3751	3930
3646	3751
3634	3646
3866	3634
3687	3866
3348	3687
3488	3348
3810	3488
3697	3810
3287	3697
3430	3287
3655	3430
3389	3655
3093	3389
3906	3093
3890	3906
3876	3890
4352	3876
4053	4352
4752	4053
4739	4752
4735	4739
4384	4735
4248	4384
4028	4248
3975	4028
4019	3975
3912	4019
3962	3912
3844	3962
3831	3844
3813	3831
3696	3813
3631	3696
3495	3631
3650	3495
3784	3650
3765	3784
3763	3765
3759	3763
3643	3759
3602	3643
3421	3602
3778	3421
3699	3778
3927	3699
3507	3927
3300	3507
3276	3300
3128	3276
2950	3128
3419	2950
3268	3419
3265	3268
3611	3265
3926	3611
3736	3926
3570	3736
3561	3570
3557	3561
3550	3557
3412	3550
3397	3412
3378	3397
3373	3378
3342	3373
3292	3342
3208	3292
3332	3208
3582	3332
3618	3582
3588	3618
3525	3588
3490	3525
3644	3490
3942	3644
3672	3942
3960	3672
3678	3960
3668	3678
3639	3668
3367	3639
3420	3367
3537	3420
3355	3537
3094	3355
3762	3094
3826	3762
3738	3826
3555	3738
3679	3555
3584	3679
3517	3584
3460	3517
3508	3460
3684	3508
3635	3684
3749	3635
3885	3749
3798	3885
3791	3798
3530	3791
3553	3530
3704	3553
3722	3704
3719	3722
3520	3719
3481	3520
3526	3481
3654	3526
3688	3654
3628	3688
3630	3628
3652	3630
3667	3652
3781	3667
3653	3781
3774	3653
3757	3774
3940	3757
4046	3940
3997	4046
3995	3997
3977	3995
3954	3977
3910	3954
3780	3910
3755	3780
3982	3755
3743	3982
3924	3743
3659	3924
3617	3659
3563	3617
3392	3563
3621	3392
4048	3621
4043	4048
3990	4043
3981	3990
3979	3981
3920	3979
3819	3920
3691	3819
3524	3691
3862	3524
3863	3862
4166	3863
4090	4166
4057	4090
3510	4057
3482	3510
3147	3482
3143	3147
3087	3143
3085	3087
3153	3085
3469	3153
3504	3469
3707	3504
3706	3707
3484	3706
3500	3484
3486	3500
3480	3486
3713	3480
3432	3713
3345	3432
3274	3345
3255	3274
3232	3255
3328	3232
3293	3328
3821	3293
3850	3821
3604	3850
3498	3604
3818	3498
3005	3818
3494	3005
3320	3494
4162	3320
3827	4162
3815	3827
3760	3815
3589	3760
3545	3589
3514	3545
3805	3514
3788	3805
3554	3788
3505	3554
3491	3505
3301	3491
3771	3301
3354	3771
3575	3354
3559	3575
3746	3559
3437	3746
3615	3437
3414	3615
3399	3414
3358	3399
3671	3358
3581	3671
3311	3581
3607	3311
3321	3607
3363	3321
3368	3363
3647	3368
3580	3647
3574	3580
3478	3574
3832	3478
3730	3832
3493	3730
3558	3493
3953	3558
3673	3953
3689	3673
3670	3689
3658	3670
3394	3658
3620	3394
3568	3620
3657	3568
3603	3657
3616	3603
3571	3616
3499	3571
3626	3499
3343	3626
3446	3343
3572	3446
3727	3572
3410	3727
3309	3410
3277	3309
3598	3277
3365	3598
3322	3365
3313	3322
3188	3313
3177	3188
3284	3177
3479	3284
3407	3479
3285	3407
3209	3285
3235	3209
3379	3235
3323	3379
3552	3323
3218	3552
3215	3218
3564	3215
3677	3564
3477	3677
3202	3477
3168	3202
3275	3168
3356	3275
3535	3356
3742	3535
3629	3742
3573	3629
3627	3573
3596	3627
3622	3596
3666	3622
3599	3666
3586	3599
3569	3586
3592	3569
3656	3592
3637	3656
3560	3637
3374	3560
3565	3374
3556	3565
3302	3556
3405	3302
3386	3405
3487	3386
3384	3487
3371	3384
3282	3371
3249	3282
3566	3249
3459	3566
3423	3459
3346	3423
3319	3346
3317	3319
3260	3317
3258	3260
3207	3258
3283	3207
3475	3283
3449	3475
3418	3449
3350	3418
3296	3350
3278	3296
3257	3278
3254	3257
3267	3254
3340	3267
3400	3340
3402	3400
3539	3402
3576	3539
3542	3576
3369	3542
3032	3369
3189	3032
3192	3189
3253	3192
3294	3253
3349	3294
3544	3349
3709	3544
3541	3709
3088	3541
3290	3088
3261	3290
3502	3261
3413	3502
3286	3413
3248	3286
3204	3248
3198	3204
3134	3198
3079	3134
3398	3079
3281	3398
3025	3281
2626	3025
2988	2626
2973	2988
2892	2973
3099	2892
3146	3099
3012	3146
3071	3012
2989	3071
3532	2989
3353	3532
3092	3353
3145	3092
3000	3145
2690	3000
2603	2690
3372	2603
3310	3372
3333	3310
3381	3333
3383	3381
3366	3383
3221	3366
3324	3221
3362	3324
3357	3362
3308	3357
3395	3308
3489	3395
3425	3489
3548	3425
3472	3548
3534	3472
3457	3534
3046	3457
3171	3046
3422	3171
3338	3422
3347	3338
3305	3347
3280	3305
3256	3280
3250	3256
3247	3250
3370	3247
3243	3370
3214	3243
3199	3214
3176	3199
3167	3176
3178	3167
3266	3178
3351	3266
3336	3351
3735	3336
3731	3735
3614	3731
3587	3614
3716	3587
3595	3716
3538	3595
3516	3538
3467	3516
3464	3467
3471	3464
3455	3471
3447	3455
3519	3447
3452	3519
3456	3452
3438	3456
3450	3438
3448	3450
3441	3448
3246	3441
3212	3246
3772	3212
3483	3772
3465	3483
3408	3465
3361	3408
3417	3361
3404	3417
3288	3404
3233	3288
3115	3233
3073	3115
3174	3073
3206	3174
3109	3206
2961	3109
3035	2961
2926	3035
2978	2926
3151	2978
3453	3151
3162	3453
3401	3162
3436	3401
3435	3436
3439	3435
3431	3439
3427	3431
3166	3427
3112	3166
3194	3112
3158	3194
3509	3158
3426	3509
3411	3426
3352	3411
3314	3352
3708	3314
3703	3708
3468	3703
3391	3468
3360	3391
3359	3360
3331	3359
3270	3331
3273	3270
3216	3273
3152	3216
3196	3152
3187	3196
3139	3187
2934	3139
3334	2934
3024	3334
2946	3024
3220	2946
2910	3220
2663	2910
2669	2663
2649	2669
2657	2649
2577	2657
3182	2577
3184	3182
3107	3184
3136	3107
3124	3136
3231	3124
3236	3231
3211	3236
3330	3211
3312	3330
3133	3312
3052	3133
3020	3052
2954	3020
2836	2954
2906	2836
2994	2906
3193	2994
3433	3193
3434	3433
3409	3434
3089	3409
3442	3089
3299	3442
3205	3299
3096	3205
3567	3096
3583	3567
3497	3583
3506	3497
3100	3506
3307	3100
3403	3307
3390	3403
3406	3390
3440	3406
3385	3440
3306	3385
3416	3306
3364	3416
3291	3364
3415	3291
3387	3415
3474	3387
3050	3474
2890	3050
3138	2890
3129	3138
3203	3129
3169	3203
3140	3169
3097	3140
3019	3097
3315	3019
3049	3315
3026	3049
3186	3026
3135	3186
3108	3135
3043	3108
3075	3043
3337	3075
3549	3337
3059	3549
3197	3059
3034	3197
3155	3034
3021	3155
3030	3021
2827	3030
2748	2827
3014	2748
3269	3014
3240	3269
3106	3240
3156	3106
3141	3156
3121	3141
3114	3121
3117	3114
3335	3117
3329	3335
3344	3329
3327	3344
3326	3327
3210	3326
3132	3210
3122	3132
2832	3122
2839	2832
2967	2839
3144	2967
3454	3144
3080	3454
3057	3080
3055	3057
3044	3055
3040	3044
3007	3040
2943	3007
2929	2943
2984	2929
2975	2984
3316	2975
3376	3316
3476	3376
3063	3476
3042	3063
2980	3042
3318	2980
3237	3318
3150	3237
2921	3150
2972	2921
2970	2972
2793	2970
2552	2793
2965	2552
2876	2965
2959	2876
2891	2959
2983	2891
3244	2983
3263	3244
3289	3263
3229	3289
3230	3229
3219	3230
3191	3219
2804	3191
3304	2804
2976	3304
3074	2976
3038	3074
2969	3038
3226	2969
3711	3226
3396	3711
3222	3396
3200	3222
3185	3200
3190	3185
3103	3190
3068	3103
3161	3068
3173	3161
3148	3173
3297	3148
3047	3297
3004	3047
3116	3004
3118	3116
2843	3118
2834	2843
3227	2834
2824	3227
2791	2824
2987	2791
2785	2987
2996	2785
3511	2996
3039	3511
3503	3039
3451	3503
3095	3451
3066	3095
3083	3066
3061	3083
3428	3061
3048	3428
2881	3048
2990	2881
2979	2990
2974	2979
3339	2974
3102	3339
2937	3102
3201	2937
3086	3201
3072	3086
2993	3072
3069	2993
3070	3069
3082	3070
3064	3082
3056	3064
3013	3056
3010	3013
2948	3010
2872	2948
2822	2872
2801	2822
2800	2801
3060	2800
3003	3060
2956	3003
3090	2956
2944	3090
2963	2944
2922	2963
2962	2922
3037	2962
2999	3037
2953	2999
2986	2953
3045	2986
2968	3045
2808	2968
2725	2808
3098	2725
3234	3098
2887	3234
2682	2887
2896	2682
2617	2896
2646	2617
3245	2646
3175	3245
2856	3175
2854	2856
2859	2854
2829	2859
2609	2829
2899	2609
3259	2899
2864	3259
2900	2864
2159	2900
2752	2159
2660	2752
2602	2660
2326	2602
2332	2326
2515	2332
2348	2515
2541	2348
2544	2541
2495	2544
2590	2495
2644	2590
2955	2644
2995	2955
3163	2995
3062	3163
3081	3062
3078	3081
3053	3078
2883	3053
2882	2883
2613	2882
2610	2613
2736	2610
2981	2736
3279	2981
3142	3279
3125	3142
3101	3125
2940	3101
2977	2940
2925	2977
2930	2925
2938	2930
2905	2938
2897	2905
2679	2897
2917	2679
2798	2917
3008	2798
3485	3008
3120	3485
3113	3120
2867	3113
2866	2867
2927	2866
2997	2927
2909	2997
2901	2909
3015	2901
2932	3015
3084	2932
3017	3084
3111	3017
3271	3111
3239	3271
3183	3239
3242	3183
3033	3242
3009	3033
3159	3009
3110	3159
3119	3110
3126	3119
3160	3126
3164	3160
3217	3164
3251	3217
3224	3251
3213	3224
3179	3213
3228	3179
3067	3228
3029	3067
3023	3029
3131	3023
3181	3131
3130	3181
3123	3130
2841	3123
2806	2841
2842	2806
2958	2842
2830	2958
2778	2830
2837	2778
2851	2837
2838	2851
3016	2838
2884	3016
2852	2884
2848	2852
2826	2848
2810	2826
2737	2810
2715	2737
2709	2715
2568	2709
2844	2568
3018	2844
2853	3018
2819	2853
2828	2819
2732	2828
2743	2732
3028	2743
2840	3028
3031	2840
2831	3031
2849	2831
2919	2849
2945	2919
2735	2945
2744	2735
2704	2744
3172	2704
3104	3172
3022	3104
3041	3022
3165	3041
3180	3165
3225	3180
3157	3225
3137	3157
3105	3137
3006	3105
2750	3006
2703	2750
3027	2703
2700	3027
2698	2700
2630	2698
2596	2630
2559	2596
2482	2559
2783	2482
2645	2783
2403	2645
2505	2403
2550	2505
2947	2550
2633	2947
2760	2633
2792	2760
2966	2792
2565	2966
2611	2565
2575	2611
2556	2575
2533	2556
2467	2533
2558	2467
2762	2558
2496	2762
2991	2496
3091	2991
3149	3091
3698	3149
3822	3698
3606	3822
3533	3606
3492	3533
3470	3492
3325	3470
3195	3325
2749	3195
2637	2749
2680	2637
2877	2680
2767	2877
2754	2767
2893	2754
2708	2893
2537	2708
2803	2537
2777	2803
2874	2777
2895	2874
2908	2895
2920	2908
2985	2920
3001	2985
2982	3001
2957	2982
2949	2957
2914	2949
2759	2914
2924	2759
2918	2924
2916	2918
2907	2916
2871	2907
2889	2871
2911	2889
2964	2911
3077	2964
3076	3077
3054	3076
3065	3054
5055	3065
1044	5055
2898	1044
2888	2898
2880	2888
2868	2880
2894	2868
2600	2894
2786	2600
2879	2786
2774	2879
2780	2774
2797	2780
2795	2797
2529	2795
2538	2529
2597	2538
2513	2597
2519	2513
2773	2519
2913	2773
2885	2913
2861	2885
2886	2861
2998	2886
2952	2998
2863	2952
2688	2863
2912	2688
2358	2912
2345	2358
2509	2345
2730	2509
2845	2730
2941	2845
2614	2941
2816	2614
2594	2816
2607	2594
2601	2607
2599	2601
2673	2599
2678	2673
2738	2678
2813	2738
3127	2813
2734	3127
2825	2734
3051	2825
2847	3051
2672	2847
2712	2672
2720	2712
2711	2720
2692	2711
2627	2692
2555	2627
2769	2555
2641	2769
2635	2641
2766	2635
2788	2766
2771	2788
2757	2771
2781	2757
2740	2781
2776	2740
2772	2776
2873	2772
2939	2873
2915	2939
2936	2915
2862	2936
2902	2862
3002	2902
2655	3002
2775	2655
2689	2775
2878	2689
2796	2878
2693	2796
2677	2693
2761	2677
2532	2761
2371	2532
2489	2371
2557	2489
2545	2557
2653	2545
2330	2653
2106	2330
2503	2106
2951	2503
2357	2951
2369	2357
2356	2369
2267	2356
2666	2267
2710	2666
2811	2710
2818	2811
2784	2818
2903	2784
2779	2903
2790	2779
2647	2790
2695	2647
2807	2695
2618	2807
2719	2618
2727	2719
2746	2727
2739	2746
2756	2739
2812	2756
2942	2812
2960	2942
2904	2960
2751	2904
2684	2751
2534	2684
2724	2534
2604	2724
2497	2604
2463	2497
2755	2463
2747	2755
2733	2747
2823	2733
2717	2823
2731	2717
2707	2731
2656	2707
2528	2656
2648	2528
2549	2648
2718	2549
2440	2718
2439	2440
2438	2439
2431	2438
2437	2431
2419	2437
2417	2419
2408	2417
2564	2408
2543	2564
2474	2543
2485	2474
2530	2485
2621	2530
2721	2621
2705	2721
2701	2705
2629	2701
2662	2629
2639	2662
2745	2639
2598	2745
2685	2598
2586	2685
2581	2586
2612	2581
2412	2612
2584	2412
2815	2584
2782	2815
2723	2782
2654	2723
2722	2654
2583	2722
2470	2583
2395	2470
2640	2395
2257	2640
2421	2257
2304	2421
2285	2304
2539	2285
2799	2539
2742	2799
2691	2742
2665	2691
2593	2665
2442	2593
2514	2442
2468	2514
2351	2468
2323	2351
2386	2323
2384	2386
2232	2384
2276	2232
2256	2276
2427	2256
2226	2427
2170	2226
2418	2170
2410	2418
2294	2410
2368	2294
2337	2368
2411	2337
2624	2411
2702	2624
2699	2702
2643	2699
2573	2643
2393	2573
2240	2393
2562	2240
2460	2562
2293	2460
2436	2293
2789	2436
2696	2789
2675	2696
2817	2675
2670	2817
2652	2670
2631	2652
2625	2631
2668	2625
2567	2668
2402	2567
2392	2402
2250	2392
2574	2250
2561	2574
2507	2561
2498	2507
2413	2498
2388	2413
2265	2388
2237	2265
2217	2237
2273	2217
2570	2273
2459	2570
2814	2459
2585	2814
2728	2585
2850	2728
2809	2850
3298	2809
3303	3298
3264	3303
3223	3264
2923	3223
2634	2923
2638	2634
2588	2638
2587	2588
2615	2587
2676	2615
2768	2676
2713	2768
2481	2713
2686	2481
2616	2686
2651	2616
2606	2651
2642	2606
2622	2642
2875	2622
2857	2875
2855	2857
2763	2855
2729	2763
2650	2729
2608	2650
2535	2608
2592	2535
2623	2592
2510	2623
2500	2510
2462	2500
2520	2462
2486	2520
2499	2486
2445	2499
2443	2445
2375	2443
2448	2375
2344	2448
2466	2344
2865	2466
2281	2865
2770	2281
2802	2770
2372	2802
2364	2372
2347	2364
2313	2347
2262	2313
2318	2262
2119	2318
2306	2119
2278	2306
2282	2278
2187	2282
2161	2187
2469	2161
2504	2469
2444	2504
2506	2444
2501	2506
2453	2501
2477	2453
2569	2477
2551	2569
2560	2551
2563	2560
2433	2563
2480	2433
2464	2480
2404	2464
2415	2404
2527	2415
2548	2527
2525	2548
2572	2525
2706	2572
2531	2706
2566	2531
2540	2566
2396	2540
2451	2396
2397	2451
2370	2397
2362	2370
2360	2362
2478	2360
2522	2478
2272	2522
2302	2272
2381	2302
2299	2381
2328	2299
2298	2328
2279	2298
2181	2279
2219	2181
2295	2219
2269	2295
3988	2269
4972	3988
4829	4972
4773	4829
4748	4773
4662	4748
4485	4662
4294	4485
4056	4294
3925	4056
3641	3925
3518	3641
3238	3518
3170	3238
2820	3170
2741	2820
2434	2741
2238	2434
1838	2238
1789	1838
1570	1789
1532	1570
1423	1532
1272	1423
1125	1272
1060	1125
676	1060
634	676
262	634
72	262
2288	2269
2190	2288
2243	2190
2424	2243
2536	2424
2465	2536
2414	2465
2312	2414
2578	2312
2765	2578
3154	2765
3058	3154
3036	3058
2753	3036
2661	2753
2620	2661
2473	2620
2352	2473
2339	2352
1937	2339
1893	1937
1916	1893
2488	1916
2475	2488
2454	2475
2447	2454
2165	2447
1453	2165
1507	1453
1865	1507
1757	1865
1280	1757
929	1280
804	929
1198	804
2031	1198
1965	2031
1949	1965
2167	1949
2253	2167
2183	2253
2389	2183
2177	2389
2249	2177
2215	2249
2213	2215
2280	2213
2221	2280
2127	2221
2118	2127
2398	2118
2225	2398
2406	2225
2275	2406
2227	2275
2484	2227
2456	2484
2296	2456
2251	2296
2376	2251
2091	2376
2263	2091
2198	2263
2236	2198
2255	2236
2195	2255
2860	2195
2787	2860
2869	2787
2303	2869
2446	2303
2449	2446
2378	2449
2671	2378
2658	2671
2579	2658
2524	2579
2582	2524
2683	2582
2292	2683
2202	2292
2390	2202
2387	2390
2374	2387
2223	2374
2297	2223
2511	2297
2664	2511
2416	2664
2284	2416
2714	2284
2697	2714
2452	2697
2394	2452
2492	2394
2546	2492
2933	2546
2632	2933
2490	2632
2261	2490
2260	2261
2322	2260
2222	2322
2211	2222
2212	2211
1859	2212
2023	1859
2266	2023
2521	2266
2148	2521
2270	2148
2674	2270
2458	2674
2457	2458
2206	2457
2248	2206
2239	2248
2142	2239
1831	2142
2228	1831
2179	2228
2231	2179
2246	2231
1766	2246
2210	1766
2401	2210
2472	2401
2407	2472
2287	2407
2050	2287
2758	2050
2547	2758
2764	2547
2331	2764
2315	2331
2081	2315
2112	2081
2061	2112
2320	2061
2205	2320
2019	2205
2405	2019
2429	2405
2423	2429
2353	2423
2335	2353
2245	2335
2259	2245
2209	2259
2207	2209
2196	2207
2014	2196
2252	2014
2188	2252
2017	2188
2242	2017
2113	2242
2385	2113
2124	2385
2694	2124
2659	2694
2450	2659
2399	2450
2365	2399
2274	2365
2493	2274
2491	2493
2382	2491
2502	2382
2420	2502
2391	2420
2422	2391
2476	2422
2432	2476
2409	2432
2400	2409
2931	2400
2858	2931
2835	2858
2805	2835
2681	2805
2290	2681
2716	2290
2126	2716
2726	2126
2204	2726
2349	2204
2317	2349
2224	2317
2138	2224
2144	2138
2145	2144
2093	2145
2064	2093
2329	2064
2379	2329
2373	2379
2359	2373
2336	2359
2164	2336
2327	2164
2346	2327
2321	2346
2175	2321
2021	2175
2340	2021
2935	2340
2928	2935
2870	2928
2846	2870
2794	2846
2687	2794
2553	2687
2517	2553
2366	2517
2595	2366
2591	2595
2455	2591
2268	2455
2121	2268
2115	2121
2350	2115
2430	2350
2334	2430
2341	2334
2155	2341
2197	2155
2289	2197
2110	2289
2316	2110
2146	2316
2136	2146
2141	2136
2143	2141
2171	2143
2208	2171
2062	2208
1966	2062
1890	1966
1620	1890
1616	1620
1558	1616
1521	1558
1464	1521
1066	1464
1171	1066
1756	1171
1751	1756
2051	1751
1962	2051
1948	1962
1728	1948
2041	1728
2494	2041
2461	2494
1971	2461
2325	1971
1878	2325
2065	1878
2271	2065
2149	2271
2102	2149
2184	2102
2057	2184
2069	2057
2068	2069
2095	2068
2074	2095
2034	2074
2049	2034
2029	2049
2024	2029
2016	2024
2168	2016
2189	2168
2163	2189
2158	2163
2036	2158
2085	2036
2055	2085
2043	2055
2071	2043
2199	2071
2066	2199
2039	2066
2035	2039
1707	2035
2046	1707
2042	2046
2040	2042
1991	2040
2037	1991
1993	2037
1978	1993
1901	1978
1736	1901
1998	1736
1874	1998
1871	1874
2636	1871
2576	2636
2554	2576
2526	2554
2523	2526
2324	2523
2286	2324
1864	2286
1804	1864
1717	1804
1815	1717
2441	1815
2131	2441
2004	2131
1770	2004
1747	1770
1637	1747
1642	1637
2283	1642
2428	2283
2571	2428
2518	2571
2101	2518
1995	2101
1907	1995
2173	1907
1914	2173
1913	1914
2114	1913
1896	2114
1882	1896
1974	1882
1806	1974
1790	1806
1887	1790
2075	1887
2156	2075
2605	2156
2542	2605
2435	2542
2426	2435
2377	2426
2367	2377
2361	2367
2314	2361
2264	2314
2247	2264
2087	2247
2015	2087
2008	2015
1802	2008
1792	1802
2097	1792
2089	2097
2077	2089
2083	2077
2076	2083
2063	2076
2056	2063
2053	2056
2073	2053
2038	2073
2103	2038
2301	2103
2342	2301
2311	2342
2310	2311
2667	2310
2354	2667
2343	2354
2308	2343
2309	2308
2090	2309
2070	2090
2032	2070
2333	2032
2319	2333
2307	2319
2300	2307
2003	2300
1807	2003
1803	1807
1774	1803
1740	1774
2082	1740
2241	2082
2216	2241
2180	2216
2033	2180
2011	2033
2108	2011
2132	2108
2117	2132
2116	2117
2133	2116
2147	2133
2176	2147
2172	2176
2157	2172
2137	2157
2125	2137
2092	2125
2099	2092
2107	2099
1682	2107
2123	1682
1941	2123
2130	1941
2338	2130
2291	2338
2380	2291
2129	2380
2109	2129
2151	2109
2233	2151
2027	2233
1899	2027
1963	1899
1945	1963
1928	1945
1765	1928
1680	1765
1752	1680
1992	1752
1906	1992
1845	1906
1833	1845
1866	1833
2096	1866
2059	2096
1983	2059
1860	1983
1836	1860
1744	1836
1832	1744
2007	1832
1816	2007
1980	1816
2080	1980
1839	2080
2045	1839
1997	2045
2111	1997
2084	2111
1731	2084
1824	1731
1979	1824
1923	1979
1732	1923
1656	1732
1780	1656
1716	1780
1652	1716
1828	1652
1761	1828
2012	1761
1975	2012
1934	1975
1703	1934
1842	1703
1862	1842
1988	1862
1977	1988
1891	1977
1900	1891
1951	1900
2383	1951
2178	2383
2235	2178
2201	2235
2005	2201
2060	2005
2013	2060
2305	2013
2152	2305
2100	2152
2088	2100
2078	2088
1888	2078
1894	1888
1955	1894
2182	1955
1933	2182
2054	1933
1919	2054
2160	1919
2154	2160
2094	2154
1972	2094
1920	1972
1929	1920
1715	1929
1876	1715
2058	1876
1985	2058
2047	1985
1976	2047
2048	1976
1996	2048
1848	1996
2134	1848
2025	2134
2002	2025
1986	2002
1931	1986
1676	1931
1953	1676
2026	1953
2072	2026
1820	2072
1746	1820
1718	1746
1624	1718
1611	1624
1638	1611
1704	1638
1713	1704
1935	1713
1852	1935
1863	1852
1779	1863
1768	1779
2234	1768
1917	2234
1905	1917
1843	1905
1924	1843
1835	1924
1930	1835
1922	1930
1892	1922
2194	1892
1968	2194
1952	1968
1939	1952
1944	1939
1956	1944
1912	1956
1961	1912
1950	1961
1960	1950
1700	1960
1884	1700
1925	1884
1936	1925
1885	1936
2128	1885
2098	2128
1853	2098
1788	1853
1797	1788
1720	1797
1793	1720
1926	1793
1633	1926
1973	1633
2006	1973
1812	2006
1739	1812
1618	1739
1796	1618
1754	1796
1858	1754
1915	1858
1940	1915
1927	1940
1903	1927
1873	1903
1872	1873
1861	1872
1855	1861
1698	1855
1644	1698
1623	1644
1497	1623
1448	1497
1851	1448
1738	1851
1794	1738
1895	1794
1813	1895
1577	1813
1712	1577
1984	1712
1817	1984
1814	1817
2479	1814
2079	2479
1982	2079
1735	1982
1791	1735
1745	1791
1576	1745
1614	1576
1406	1614
1543	1406
1708	1543
1303	1708
1653	1303
1846	1653
1821	1846
1987	1821
2229	1987
2220	2229
2162	2220
2120	2162
1959	2120
2153	1959
2105	2153
2020	2105
1999	2020
1898	1999
1841	1898
1827	1841
1868	1827
1849	1868
1889	1849
1787	1889
1105	1787
1773	1105
2192	1773
2244	2192
1886	2244
2254	1886
2214	2254
1772	2214
1767	1772
1764	1767
1947	1764
1902	1947
1877	1902
1467	1877
2150	1467
2200	2150
1869	2200
2203	1869
2139	2203
2104	2139
2169	2104
2086	2169
1943	2086
2140	1943
2191	2140
2135	2191
2067	2135
2185	2067
2122	2185
2022	2122
1921	2022
2166	1921
2174	2166
1798	2174
1681	1798
1908	1681
1691	1908
1683	1691
1674	1683
1667	1674
1688	1667
1693	1688
1663	1693
1562	1663
1600	1562
1662	1600
1769	1662
1854	1769
1348	1854
1673	1348
1711	1673
1635	1711
1636	1635
1989	1636
2000	1989
1809	2000
1837	1809
1805	1837
1724	1805
1721	1724
1710	1721
1742	1710
1622	1742
1597	1622
1826	1597
1897	1826
2018	1897
1910	2018
1811	1910
1782	1811
1938	1782
1834	1938
1596	1834
1750	1596
1781	1750
1748	1781
1513	1748
1502	1513
1469	1502
1641	1469
1701	1641
1904	1701
1932	1904
1857	1932
1810	1857
1800	1810
1799	1800
1830	1799
1625	1830
1777	1625
1818	1777
1850	1818
1470	1850
1723	1470
1630	1723
1692	1630
1554	1692
1981	1554
1749	1981
1795	1749
1819	1795
1875	1819
1755	1875
1743	1755
1660	1743
1555	1660
1883	1555
1786	1883
1479	1786
1509	1479
1447	1509
1758	1447
1657	1758
1778	1657
1785	1778
1760	1785
2186	1760
1696	2186
1672	1696
1664	1672
1646	1664
1668	1646
1639	1668
1498	1639
1679	1498
1514	1679
1729	1514
1659	1729
1617	1659
1608	1617
1459	1608
1628	1459
1651	1628
2363	1651
1957	2363
1946	1957
1840	1946
1784	1840
1776	1784
1699	1776
1689	1699
1483	1689
1381	1483
1359	1381
1670	1359
1856	1670
1677	1856
1763	1677
1511	1763
1590	1511
1485	1590
1320	1485
1319	1320
1137	1319
1465	1137
1695	1465
1650	1695
1527	1650
1431	1527
1474	1431
1438	1474
1353	1438
1503	1353
1455	1503
1658	1455
1484	1658
1449	1484
1655	1449
1643	1655
1345	1643
1512	1345
1505	1512
1494	1505
1337	1494
1227	1337
1463	1227
1430	1463
1437	1430
1572	1437
1458	1572
1495	1458
1471	1495
1599	1471
1435	1599
1492	1435
1578	1492
1726	1578
1666	1726
1671	1666
1669	1671
1571	1669
1586	1571
1553	1586
1387	1553
1560	1387
1759	1560
1722	1759
1557	1722
1556	1557
1714	1556
1675	1714
1737	1675
1607	1737
1593	1607
1569	1593
2001	1569
2028	2001
1990	2028
1825	1990
1706	1825
1822	1706
2052	1822
1969	2052
2010	1969
2044	2010
1964	2044
1911	1964
1847	1911
1685	1847
1559	1685
1528	1559
1801	1528
2009	1801
1880	2009
1867	1880
1709	1867
1547	1709
1627	1547
1530	1627
1548	1530
1522	1548
1481	1522
1273	1481
1687	1273
1490	1687
1440	1490
1546	1440
1330	1546
1343	1330
1506	1343
1333	1506
1335	1333
1477	1335
1292	1477
1491	1292
1516	1491
1762	1516
1783	1762
1753	1783
1733	1753
1601	1733
1631	1601
1517	1631
1686	1517
1582	1686
1629	1582
1775	1629
1605	1775
1594	1605
1362	1594
1589	1362
1500	1589
1489	1500
1468	1489
1374	1468
1276	1374
1450	1276
1719	1450
1575	1719
1584	1575
1808	1584
1284	1808
1006	1284
1289	1006
1613	1289
1540	1613
1648	1540
1602	1648
1634	1602
1702	1634
1661	1702
1615	1661
1741	1615
1592	1741
1515	1592
1360	1515
1591	1360
1249	1591
1734	1249
1552	1734
1549	1552
1407	1549
1585	1407
1544	1585
1581	1544
1610	1581
1542	1610
1277	1542
1580	1277
1253	1580
1545	1253
1626	1545
1603	1626
1606	1603
1588	1606
1573	1588
1421	1573
1550	1421
1461	1550
1771	1461
1278	1771
1881	1278
1697	1881
1587	1697
1632	1587
1619	1632
1604	1619
1501	1604
1565	1501
1285	1565
1372	1285
1829	1372
1621	1829
1727	1621
1609	1727
1598	1609
1535	1598
1564	1535
1563	1564
1413	1563
1422	1413
1538	1422
1539	1538
1541	1539
1520	1541
1425	1520
1518	1425
1426	1518
1408	1426
1398	1408
1391	1398
1378	1391
1383	1378
1376	1383
1366	1376
1160	1366
1013	1160
1306	1013
867	1306
1290	867
1566	1290
1142	1566
1026	1142
1016	1026
1263	1016
1336	1263
1061	1336
995	1061
943	995
1529	943
1472	1529
1478	1472
1184	1478
1102	1184
771	1102
766	771
848	766
1496	848
1260	1496
1482	1260
1331	1482
1434	1331
1354	1434
1215	1354
1352	1215
1338	1352
1216	1338
1351	1216
1452	1351
1213	1452
1187	1213
1568	1187
1297	1568
1341	1297
1202	1341
1133	1202
1612	1133
1574	1612
1411	1574
1523	1411
1567	1523
1357	1567
1415	1357
1414	1415
1534	1414
1531	1534
1537	1531
1526	1537
1462	1526
1519	1462
1427	1519
1525	1427
1424	1525
1416	1424
1399	1416
1394	1399
1419	1394
1396	1419
1493	1396
1294	1493
1293	1294
1173	1293
1393	1173
1388	1393
1265	1388
1152	1265
1371	1152
1395	1371
1579	1395
1402	1579
1377	1402
1392	1377
1364	1392
1379	1364
1390	1379
1384	1390
1382	1384
1369	1382
1256	1369
1410	1256
1418	1410
1193	1418
1327	1193
1270	1327
1317	1270
1370	1317
1166	1370
1182	1166
1170	1182
1380	1170
1312	1380
1533	1312
1314	1533
1259	1314
1283	1259
1373	1283
1301	1373
1295	1301
1305	1295
1007	1305
1417	1007
1385	1417
1412	1385
1228	1412
1367	1228
1365	1367
1363	1365
1361	1363
1264	1361
1197	1264
1176	1197
1162	1176
1191	1162
1181	1191
1069	1181
997	1069
972	997
961	972
939	961
1094	939
1161	1094
1445	1161
1326	1445
1595	1326
1355	1595
1262	1355
1144	1262
1313	1144
1250	1313
1207	1250
1030	1207
1040	1030
1169	1040
1159	1169
1003	1159
977	1003
1157	977
1151	1157
1075	1151
1195	1075
1135	1195
1230	1135
1432	1230
1267	1432
1254	1267
1329	1254
1039	1329
1092	1039
1120	1092
1132	1120
1139	1132
1271	1139
1318	1271
1237	1318
1164	1237
1220	1164
1246	1220
944	1246
913	944
1121	913
1148	1121
1409	1148
1299	1409
1476	1299
1487	1476
1403	1487
1404	1403
1401	1404
1397	1401
1251	1397
934	1251
1286	934
1524	1286
1300	1524
1247	1300
1002	1247
1405	1002
1274	1405
1281	1274
1389	1281
1004	1389
1001	1004
968	1001
795	968
1561	795
1356	1561
1316	1356
1302	1316
1296	1302
1288	1296
1245	1288
1221	1245
1200	1221
1086	1200
1454	1086
1654	1454
1640	1654
1457	1640
1665	1457
1499	1665
1488	1499
1475	1488
1466	1475
1443	1466
1349	1443
1229	1349
1243	1229
1958	1243
2193	1958
2030	2193
1350	2030
1339	1350
1473	1339
1332	1473
1649	1332
1342	1649
1311	1342
1308	1311
1344	1308
1240	1344
1232	1240
1226	1232
1428	1226
1439	1428
1258	1439
1287	1258
1261	1287
1268	1261
1234	1268
1096	1234
1180	1096
1052	1180
1095	1052
1080	1095
1023	1080
1238	1023
1165	1238
1089	1165
1705	1089
1730	1705
1684	1730
1551	1684
1340	1551
1190	1340
1257	1190
1441	1257
1460	1441
1126	1460
1111	1126
1087	1111
1033	1087
1218	1033
1071	1218
721	1071
1233	721
1130	1233
1114	1130
1325	1114
1079	1325
647	1079
754	647
1358	754
1480	1358
1456	1480
648	1456
1203	648
1225	1203
1269	1225
1386	1269
1368	1386
1315	1368
1175	1315
1174	1175
1206	1174
1149	1206
1143	1149
1073	1143
1042	1073
736	1042
1224	736
1275	1224
828	1275
894	828
719	894
1088	719
1241	1088
1048	1241
1158	1048
1136	1158
1167	1136
1062	1167
999	1062
829	999
1058	829
742	1058
964	742
927	964
1028	927
900	1028
1209	900
1150	1209
1011	1150
930	1011
933	930
1025	933
1027	1025
1076	1027
1050	1076
1189	1050
1116	1189
1112	1116
1049	1112
1031	1049
1056	1031
1104	1056
833	1104
796	833
1090	796
985	1090
983	985
969	983
1043	969
1020	1043
984	1020
864	984
1036	864
1291	1036
1536	1291
1346	1536
1154	1346
1156	1154
1279	1156
1201	1279
1192	1201
1163	1192
1097	1163
1128	1097
1446	1128
1239	1446
1117	1239
1109	1117
1099	1109
1242	1099
1210	1242
1035	1210
924	1035
1051	924
1018	1051
876	1018
1108	876
1115	1108
1129	1115
1070	1129
1141	1070
1212	1141
1211	1212
1101	1211
1199	1101
1038	1199
1037	1038
932	1037
965	932
947	965
945	947
1196	945
768	1196
1323	768
1222	1323
1078	1222
758	1078
712	758
685	712
596	685
573	596
1266	573
1451	1266
1429	1451
992	1429
693	992
688	693
594	688
616	594
558	616
524	558
450	524
578	450
512	578
684	512
749	684
1032	749
911	1032
746	911
689	746
896	689
1214	896
1322	1214
1725	1322
1645	1725
1823	1645
1844	1823
1324	1844
1244	1324
1024	1244
703	1024
974	703
1063	974
1186	1063
717	1186
1118	717
1328	1118
1177	1328
1077	1177
772	1077
714	772
546	714
496	546
1444	496
1433	1444
1400	1433
1334	1400
1310	1334
1147	1310
1236	1147
1113	1236
830	1113
687	830
622	687
486	622
617	486
399	617
612	399
665	612
907	665
715	907
701	715
875	701
702	875
723	702
1134	723
1084	1134
1057	1084
1055	1057
989	1055
898	989
981	898
922	981
973	922
1068	973
888	1068
897	888
891	897
916	891
1091	916
1054	1091
649	1054
955	649
1064	955
1107	1064
1131	1107
1140	1131
1072	1140
802	1072
801	802
748	801
640	748
1138	640
1172	1138
819	1172
1436	819
1420	1436
1282	1420
1022	1282
1298	1022
1255	1298
1223	1255
1307	1223
1231	1307
1124	1231
744	1124
741	744
1100	741
1103	1100
1065	1103
908	1065
991	908
960	991
1179	960
1014	1179
1045	1014
967	1045
954	967
856	954
1012	856
889	1012
841	889
843	841
987	843
1967	987
1153	1967
1019	1153
1008	1019
988	1008
874	988
1122	874
928	1122
910	928
952	910
986	952
963	986
886	963
998	886
951	998
1005	951
970	1005
976	970
872	976
912	872
937	912
904	937
885	904
884	885
903	884
788	903
860	788
330	860
807	330
770	807
455	770
923	455
899	923
826	899
1178	826
1248	1178
1155	1248
1106	1155
1082	1106
958	1082
1110	958
1059	1110
941	1059
921	941
905	921
871	905
785	871
869	785
775	869
862	775
838	862
792	838
817	792
783	817
784	783
774	784
577	774
654	577
798	654
446	798
636	446
574	636
346	574
1041	346
1034	1041
592	1034
528	592
521	528
1010	521
902	1010
854	902
806	854
776	806
659	776
623	659
561	623
489	561
459	489
379	459
747	379
840	747
713	840
730	713
1015	730
752	1015
710	752
835	710
820	835
1047	820
1208	1047
1188	1208
1067	1188
1017	1067
1000	1017
942	1000
940	942
815	940
645	815
990	645
938	990
975	938
948	975
881	948
979	881
917	979
980	917
1093	980
1021	1093
1009	1021
915	1009
893	915
887	893
808	887
777	808
810	777
839	810
812	839
794	812
882	794
765	882
832	765
962	832
953	962
1183	953
1219	1183
1205	1219
751	1205
935	751
877	935
790	877
743	790
994	743
1146	994
1321	1146
1204	1321
1194	1204
1123	1194
996	1123
879	996
918	879
892	918
855	892
818	855
950	818
878	950
845	878
853	845
430	853
453	430
866	453
431	866
906	431
926	906
957	926
863	957
842	863
936	842
890	936
540	890
740	540
708	740
895	708
865	895
901	865
873	901
849	873
791	849
699	791
697	699
643	697
604	643
542	604
567	542
805	567
825	805
811	825
426	811
536	426
551	536
549	551
470	549
336	470
247	336
568	247
451	568
436	451
694	436
670	694
756	670
1083	756
868	1083
809	868
931	809
909	931
803	909
1309	803
1304	1309
1235	1304
966	1235
914	966
1081	914
823	1081
769	823
657	769
509	657
680	509
993	680
971	993
919	971
837	919
1252	837
870	1252
793	870
781	793
759	781
739	759
732	739
763	732
755	763
679	755
750	679
706	750
738	706
757	738
735	757
682	735
695	682
704	695
728	704
762	728
638	762
850	638
753	850
859	753
709	859
595	709
628	595
480	628
639	480
675	639
660	675
655	660
644	655
627	644
656	627
539	656
814	539
658	814
822	658
883	822
821	883
718	821
824	718
782	824
780	782
671	780
632	671
831	632
631	831
764	631
624	764
614	624
473	614
352	473
265	352
205	265
235	205
789	235
813	789
799	813
852	799
880	852
846	880
787	846
641	787
571	641
435	571
541	435
572	541
444	572
181	444
478	181
761	478
683	761
589	683
580	589
416	580
300	416
725	300
272	725
538	272
515	538
501	515
650	501
731	650
745	731
607	745
633	607
844	633
716	844
1085	716
1053	1085
669	1053
663	669
700	663
681	700
621	681
597	621
586	597
593	586
662	593
517	662
505	517
244	505
585	244
506	585
637	506
413	637
588	413
610	588
737	610
734	737
608	734
673	608
516	673
504	516
1074	504
726	1074
677	726
661	677
672	661
668	672
733	668
667	733
724	667
613	724
691	613
666	691
619	666
579	619
606	579
564	606
630	564
576	630
626	576
497	626
651	497
692	651
553	692
511	553
452	511
471	452
834	471
602	834
582	602
674	582
653	674
686	653
547	686
544	547
529	544
465	529
449	465
395	449
329	395
510	329
495	510
520	495
625	520
925	625
760	925
587	760
556	587
858	556
642	858
371	642
386	371
569	386
500	569
518	500
598	518
485	598
527	485
581	527
678	581
629	678
696	629
779	696
857	779
555	857
533	555
476	533
816	476
773	816
532	773
767	532
851	767
800	851
786	800
920	786
270	920
223	786
440	223
221	440
134	221
566	134
559	566
374	559
233	374
195	233
48	195
364	48
282	364
251	282
76	251
443	76
827	443
557	827
550	557
196	550
402	196
322	402
261	322
253	261
82	322
341	82
359	341
615	359
353	615
348	353
327	348
79	327
339	79
198	339
229	198
146	229
62	146
283	62
177	283
147	177
138	229
154	138
438	154
441	438
318	441
502	318
531	502
590	531
620	590
720	620
664	720
609	664
603	609
600	603
565	600
535	565
411	535
400	411
498	400
575	498
447	575
306	447
55	306
387	55
507	387
390	507
513	390
652	513
618	652
611	618
861	611
222	861
209	222
290	209
490	290
584	490
439	584
599	439
605	599
419	605
591	419
646	591
583	646
601	583
488	601
457	488
526	457
494	526
472	494
405	472
570	405
401	570
420	401
284	420
392	284
519	392
522	519
534	522
514	534
508	514
481	508
462	481
311	462
250	311
151	250
187	151
428	187
361	428
192	361
690	192
523	690
326	523
369	326
394	369
368	394
372	368
360	372
493	360
363	493
482	363
461	482
258	461
286	482
267	286
381	267
382	381
385	382
415	385
525	415
635	525
475	635
563	475
562	563
530	562
477	530
454	477
191	454
241	191
847	241
543	847
216	543
1375	216
978	1375
727	978
711	727
698	711
492	698
479	492
199	479
211	216
269	211
173	211
484	173
398	484
288	398
200	288
171	200
166	173
190	166
537	190
432	537
469	432
182	469
197	182
310	197
320	310
245	320
213	245
239	213
424	239
208	424
206	208
203	206
214	203
238	214
423	238
560	423
234	560
552	234
548	552
242	548
230	242
377	230
356	377
325	356
309	325
111	309
285	111
355	285
47	355
483	47
503	483
464	503
351	464
328	351
460	328
456	460
417	456
383	417
429	383
410	429
331	410
366	331
357	366
296	357
259	296
378	259
391	378
418	391
412	418
287	412
271	287
347	271
344	347
333	344
113	333
248	113
109	248
65	109
98	248
53	98
294	53
388	294
365	388
102	365
305	102
315	305
56	315
116	56
317	116
362	317
337	362
289	337
92	289
324	92
52	324
340	52
106	340
264	106
308	264
396	308
257	396
343	257
297	343
358	297
127	358
266	127
85	266
97	85
421	97
403	421
314	403
299	314
292	299
307	292
407	307
406	407
263	406
50	263
316	50
277	316
349	277
302	349
323	302
183	323
301	183
445	301
237	445
184	301
174	184
280	174
120	280
114	120
218	114
110	218
100	110
59	100
17	100
38	17
86	38
153	86
189	153
152	189
148	152
228	148
219	228
217	219
161	217
236	161
160	236
156	160
123	156
231	123
210	231
778	210
468	778
448	468
425	448
554	425
427	554
126	427
201	126
178	201
159	178
409	159
474	409
384	474
117	384
278	117
332	278
319	332
240	319
170	319
150	170
1	150
35	278
74	35
61	74
313	61
80	313
293	80
164	293
246	164
321	246
268	321
225	268
142	225
103	142
73	103
125	73
141	125
20	125
75	20
4	75
81	4
9	81
145	321
163	145
335	163
124	335
408	124
467	408
466	467
249	466
281	249
108	281
22	108
25	22
70	25
19	22
342	19
207	342
226	207
212	226
77	342
5	19
64	5
367	64
273	367
370	273
404	370
252	404
78	252
34	78
66	370
69	281
202	69
67	124
105	163
139	145
149	139
122	149
254	80
224	254
112	224
95	112
68	95
28	95
58	112
44	58
39	44
312	39
338	312
491	338
463	491
437	463
375	437
373	375
227	373
243	227
232	243
220	243
304	220
303	304
137	303
260	304
393	260
345	393
295	345
255	295
71	255
31	312
23	31
84	23
63	84
90	63
94	90
442	94
397	442
274	397
57	274
204	57
291	94
131	291
13	23
51	13
45	51
99	45
256	99
167	256
83	167
33	167
36	33
27	36
14	27
41	51
15	41
10	15
49	10
30	51
26	39
16	26
24	224
18	313
140	18
119	140
29	119
7	74
180	554
135	180
128	554
162	128
129	162
130	128
186	130
169	186
188	169
175	188
193	175
168	193
158	168
132	188
37	153
115	37
40	115
121	40
93	37
8	93
42	37
11	42
12	38
215	307
179	215
107	396
165	107
144	165
96	144
89	96
6	89
43	144
194	203
88	245
176	88
21	176
157	21
350	157
3	176
143	190
91	267
133	151
155	550
172	233
32	172
433	518
414	433
185	414
60	185
422	435
380	422
54	422
836	842
982	1123
959	982
797	959
545	797
487	545
334	487
298	334
101	298
87	101
46	1026
2355	46
2258	2355
2230	2258
1145	2230
1046	1145
1029	1046
946	1029
499	946
354	499
136	354
104	136
0	0
0	0
0	0
0	0
0	0
0	0
0	0
0	0
0	0
0	0
0	0
0	0
0	0
0	0
0	0
0	0
0	0
0	0
0	0
0	0
0	0
0	0
0	0
0	0
0	0
0	0
0	0
0	0
0	0
0	0
0	0
0	0
0	0
0	0
0	0
0	0
0	0
0	0
0	0
0	0
0	0
0	0
0	0
0	0
0	0
0	0
0	0
0	0
0	0
0	0
0	0
0	0
0	0
0	0
0	0
0	0
0	0
0	0
0	0
0	0
0	0
0	0
0	0
0	0
0	0
0	0
0	0
0	0
0	0
0	0
0	0
0	0
0	0
0	0
0	0
0	0
0	0
0	0
0	0
0	0
0	0
0	0
0	0
0	0
0	0
0	0
0	0
