Cell	Parent
0	-1
5057	0
5119	5057
5096	5119
5099	5096
5095	5099
5087	5095
5098	5087
5125	5098
5124	5125
5107	5124
5089	5107
5127	5089
5114	5127
5106	5114
5048	5106
5093	5048
5116	5093
5122	5116
5110	5122
5088	5110
5090	5088
5055	5090
5018	5055
5049	5018
5117	5049
5063	5117
5078	5063
5031	5078
5082	5031
5051	5082
5034	5051
5047	5034
5108	5047
5115	5108
5086	5115
5080	5086
5069	5080
5056	5069
5060	5056
5084	5060
5081	5084
4960	5081
5073	4960
5064	5073
5053	5064
5111	5053
5079	5111
4987	5079
4770	4987
5077	4770
5075	5077
5070	5075
5113	5070
5121	5113
5118	5121
5105	5118
5100	5105
5071	5100
5028	5071
5036	5028
4977	5036
5003	4977
4974	5003
4971	4974
4929	4971
4930	4929
4921	4930
4907	4921
5005	4907
4994	5005
4976	4994
4998	4976
4865	4998
4891	4865
4952	4891
4988	4952
4943	4988
4975	4943
5067	4975
4942	5067
5004	4942
5085	5004
5076	5085
5002	5076
4999	5002
4940	4999
5001	4940
4967	5001
5102	4967
5054	5102
5101	5054
5039	5101
4981	5039
4956	4981
4959	4956
5058	4959
4978	5058
4969	4978
4963	4969
4965	4963
4928	4965
5046	4928
5023	5046
5037	5023
5104	5037
5062	5104
5123	5062
4951	5123
4913	4951
5059	4913
5008	5059
5052	5008
5026	5052
5103	5026
4846	5103
4947	4846
4909	4947
4868	4909
5012	4868
4986	5012
5042	4986
5017	5042
5097	5017
4961	5097
5091	4961
5032	5091
5061	5032
5074	5061
5112	5074
5022	5112
5019	5022
4968	5019
4958	4968
5126	4958
5092	5126
5045	5092
5000	5045
4997	5000
5038	4997
4955	5038
4934	4955
4923	4934
4964	4923
4989	4964
4973	4989
4966	4973
4892	4966
4889	4892
4876	4889
5035	4876
5009	5035
4933	5009
4864	4933
4817	4864
4915	4817
4898	4915
4984	4898
5040	4984
4982	5040
4944	4982
4912	4944
4903	4912
4880	4903
4761	4880
4897	4761
4681	4897
4886	4681
4922	4886
4917	4922
5068	4917
4939	5068
4895	4939
4776	4895
4932	4776
4910	4932
4925	4910
4996	4925
5043	4996
5066	5043
5020	5066
5041	5020
5021	5041
5027	5021
5014	5027
4899	5014
4901	4899
5044	4901
4854	5044
4867	4854
4860	4867
4948	4860
4850	4948
4844	4850
4819	4844
4833	4819
4767	4833
4808	4767
4875	4808
4993	4875
4885	4993
4811	4885
4796	4811
4647	4796
4830	4647
4794	4830
4701	4794
4861	4701
4849	4861
5010	4849
4858	5010
4853	4858
4834	4853
4857	4834
4840	4857
5007	4840
5016	5007
5013	5016
4954	5013
4953	4954
4851	4953
4831	4851
4805	4831
4823	4805
4812	4823
4841	4812
4862	4841
4816	4862
4845	4816
4722	4845
4832	4722
4791	4832
4949	4791
5011	4949
4938	5011
4935	4938
4911	4935
4822	4911
4828	4822
4788	4828
4790	4788
4750	4790
4716	4750
4713	4716
4779	4713
4962	4779
4843	4962
4992	4843
5033	4992
5109	5033
4972	5109
5083	4972
5030	5083
4980	5030
4985	4980
4905	4985
4883	4905
4881	4883
4870	4881
4946	4870
4902	4946
4866	4902
4826	4866
4807	4826
4798	4807
4838	4798
4900	4838
5072	4900
5024	5072
4837	5024
5065	4837
5006	5065
5029	5006
4983	5029
4931	4983
4904	4931
4809	4904
4919	4809
4970	4919
4945	4970
4924	4945
4887	4924
4882	4887
4874	4882
4764	4874
4657	4764
4656	4657
4836	4656
4749	4836
4754	4749
4732	4754
4731	4732
4725	4731
4715	4725
4774	4715
4665	4774
4741	4665
4769	4741
4815	4769
4803	4815
4786	4803
4712	4786
4859	4712
4820	4859
4797	4820
4821	4797
4884	4821
4763	4884
4762	4763
4729	4762
4800	4729
4827	4800
5025	4827
4856	5025
4717	4856
4799	4717
4835	4799
4950	4835
4863	4950
4814	4863
4829	4814
4773	4829
4748	4773
4689	4748
4768	4689
4782	4768
4618	4782
4709	4618
4918	4709
4888	4918
4927	4888
4991	4927
5120	4991
4936	5120
4926	4936
4784	4926
4920	4784
4879	4920
4937	4879
4990	4937
4916	4990
4914	4916
4908	4914
4801	4908
4872	4801
4824	4872
4737	4824
4745	4737
4890	4745
4660	4890
4906	4660
4669	4906
4677	4669
4548	4677
4507	4548
4486	4507
4622	4486
4979	4622
4873	4979
4871	4873
4825	4871
4781	4825
4718	4781
4566	4718
4563	4566
4493	4563
4394	4493
4421	4394
4878	4421
5094	4878
5050	5094
4941	5050
4877	4941
4847	4877
4605	4847
4601	4605
4543	4601
4498	4543
4552	4498
4893	4552
4810	4893
4869	4810
4652	4869
4771	4652
4751	4771
4747	4751
4653	4747
4639	4653
4894	4639
4755	4894
4560	4755
4491	4560
4792	4491
4661	4792
4643	4661
4577	4643
4631	4577
4644	4631
4641	4644
4678	4641
4667	4678
4645	4667
4648	4645
4635	4648
4688	4635
4664	4688
4710	4664
4553	4710
4607	4553
4521	4607
4711	4521
4696	4711
4772	4696
4813	4772
4734	4813
4842	4734
4957	4842
4780	4957
4855	4780
4806	4855
4778	4806
4896	4778
4736	4896
4818	4736
4793	4818
4775	4793
4698	4775
4608	4698
4726	4608
4705	4726
4995	4705
4697	4995
4744	4697
4783	4744
4724	4783
4663	4724
4651	4663
4649	4651
4650	4649
4625	4650
4575	4625
4621	4575
4517	4621
4532	4517
4501	4532
4624	4501
4579	4624
4640	4579
4557	4640
4630	4557
4535	4630
4529	4535
4633	4529
4636	4633
4603	4636
4595	4603
4545	4595
4531	4545
4544	4531
4627	4544
4659	4627
4655	4659
4753	4655
4646	4753
4637	4646
4634	4637
4596	4634
4546	4596
4642	4546
4760	4642
4730	4760
4733	4730
4686	4733
4475	4686
4638	4475
4508	4638
4506	4508
4496	4506
4492	4496
4554	4492
4503	4554
4623	4503
4654	4623
4629	4654
4432	4629
4721	4432
5015	4721
4848	5015
4795	4848
4785	4795
4759	4785
4723	4759
4700	4723
4720	4700
4695	4720
4691	4695
4668	4691
4600	4668
4673	4600
4702	4673
4777	4702
4743	4777
4740	4743
4714	4740
4699	4714
4687	4699
4597	4687
4766	4597
4758	4766
4757	4758
4756	4757
4746	4756
4728	4746
4727	4728
4602	4727
4742	4602
4670	4742
4604	4670
4592	4604
4598	4592
4586	4598
4584	4586
4704	4584
4690	4704
4692	4690
4671	4692
4609	4671
4590	4609
4583	4590
4708	4583
4694	4708
4789	4694
4852	4789
4839	4852
4802	4839
4787	4802
4610	4787
4599	4610
4675	4599
4676	4675
4576	4676
4436	4576
4516	4436
4582	4516
4680	4582
4561	4680
4674	4561
4804	4674
4682	4804
4693	4682
4765	4693
4679	4765
4628	4679
4626	4628
4587	4626
4567	4587
4578	4567
4477	4578
4707	4477
4488	4707
4565	4488
4585	4565
4465	4585
4580	4465
4685	4580
4703	4685
4606	4703
4617	4606
4568	4617
4472	4568
4612	4472
4684	4612
4735	4684
4752	4735
4739	4752
4558	4739
4540	4558
4562	4540
4526	4562
4555	4526
4533	4555
4509	4533
4407	4509
4522	4407
4467	4522
4452	4467
4405	4452
4393	4405
4360	4393
4334	4360
4378	4334
4293	4378
4278	4293
4422	4278
4403	4422
4534	4403
4513	4534
4559	4513
4504	4559
4397	4504
4505	4397
4417	4505
4551	4417
4398	4551
4511	4398
4401	4511
4392	4401
4574	4392
4336	4574
4295	4336
4389	4295
4282	4389
4261	4282
4235	4261
4482	4235
4525	4482
4441	4525
4494	4441
4358	4494
4588	4358
4571	4588
4469	4571
4462	4469
4457	4462
4454	4457
4536	4454
4530	4536
4470	4530
4468	4470
4456	4468
4455	4456
4155	4455
4520	4155
4426	4520
4423	4426
4442	4423
4495	4442
4443	4495
4439	4443
4290	4439
4440	4290
4419	4440
4413	4419
4474	4413
4658	4474
4500	4658
4487	4500
4523	4487
4538	4523
4614	4538
4738	4614
4471	4738
4719	4471
4683	4719
4672	4683
4616	4672
4564	4616
4537	4564
4298	4537
4666	4298
4613	4666
4539	4613
4706	4539
4632	4706
4594	4632
4591	4594
4569	4591
4463	4569
4572	4463
4382	4572
4615	4382
4556	4615
4549	4556
4542	4549
4541	4542
4484	4541
4445	4484
4438	4445
4527	4438
4375	4527
4371	4375
4320	4371
4386	4320
4391	4386
4547	4391
4364	4547
4619	4364
4620	4619
4581	4620
4528	4581
4499	4528
4502	4499
4515	4502
4275	4515
4524	4275
4481	4524
4478	4481
4573	4478
4466	4573
4459	4466
4406	4459
4367	4406
4262	4367
4385	4262
4354	4385
4355	4354
4369	4355
4395	4369
4327	4395
4518	4327
4483	4518
4460	4483
4288	4460
4268	4288
4259	4268
4258	4259
4387	4258
4429	4387
4302	4429
4497	4302
4490	4497
4476	4490
4434	4476
4308	4434
4304	4308
4301	4304
4428	4301
4414	4428
4297	4414
4276	4297
4260	4276
4274	4260
4272	4274
4374	4272
4267	4374
4247	4267
4213	4247
4400	4213
4425	4400
4489	4425
4479	4489
4420	4479
4431	4420
4514	4431
4435	4514
4662	4435
4485	4662
4464	4485
4550	4464
4447	4550
4353	4447
4222	4353
4283	4222
4194	4283
4257	4194
4277	4257
4321	4277
4318	4321
4263	4318
4412	4263
4115	4412
4203	4115
4510	4203
4433	4510
4164	4433
4410	4164
4450	4410
4430	4450
4402	4430
4350	4402
4344	4350
4427	4344
4404	4427
4347	4404
4437	4347
4570	4437
4396	4570
4376	4396
4284	4376
4399	4284
4366	4399
4178	4366
4388	4178
4611	4388
4453	4611
4448	4453
4348	4448
4362	4348
4166	4362
4116	4166
4101	4116
4119	4101
4379	4119
4317	4379
4121	4317
4234	4121
4461	4234
4373	4461
4130	4373
4357	4130
4329	4357
4339	4329
4365	4339
4341	4365
4337	4341
4408	4337
4330	4408
4163	4330
4279	4163
4239	4279
4238	4239
4415	4238
4244	4415
4253	4244
4480	4253
4340	4480
4424	4340
4310	4424
4309	4310
4306	4309
4319	4306
4323	4319
4409	4323
4251	4409
4356	4251
4315	4356
4416	4315
4307	4416
4305	4307
4266	4305
4312	4266
4359	4312
4335	4359
4333	4335
4311	4333
4343	4311
4289	4343
4286	4289
4473	4286
4519	4473
4458	4519
4370	4458
4332	4370
4241	4332
4165	4241
4249	4165
4324	4249
4285	4324
4281	4285
4218	4281
4338	4218
4325	4338
4322	4325
4224	4322
4254	4224
4240	4254
4208	4240
4182	4208
4201	4182
4225	4201
4303	4225
4292	4303
4250	4292
4342	4250
4237	4342
4331	4237
4232	4331
4313	4232
4296	4313
4264	4296
4265	4264
4236	4265
4326	4236
4316	4326
4352	4316
4411	4352
4512	4411
4451	4512
4446	4451
4206	4446
4384	4206
4390	4384
4377	4390
4349	4377
4372	4349
4248	4372
4185	4248
4229	4185
4169	4229
4071	4169
3934	4071
4200	3934
4189	4200
4221	4189
4099	4221
4346	4099
4381	4346
4273	4381
4204	4273
4230	4204
4142	4230
4197	4142
4314	4197
4242	4314
4231	4242
4212	4231
4300	4212
4299	4300
4270	4299
4183	4270
4157	4183
4181	4157
4287	4181
4245	4287
4180	4245
4444	4180
4175	4444
4070	4175
4186	4070
4150	4186
4196	4150
4211	4196
4192	4211
4098	4192
4152	4098
4014	4152
4193	4014
4135	4193
4255	4135
4191	4255
4153	4191
4207	4153
4226	4207
4002	4226
4038	4002
4228	4038
4132	4228
4123	4132
4202	4123
4151	4202
4047	4151
4089	4047
4065	4089
4031	4065
4030	4031
3991	4030
3939	3991
4160	3939
4167	4160
4040	4167
4093	4040
4011	4093
4187	4011
4161	4187
4138	4161
4107	4138
4069	4107
4042	4069
4020	4042
4162	4020
4054	4162
4064	4054
4131	4064
4177	4131
4108	4177
4050	4108
3928	4050
4141	3928
4147	4141
3933	4147
4144	3933
4008	4144
4016	4008
4148	4016
4127	4148
4068	4127
4067	4068
4006	4067
3964	4006
3915	3964
3721	3915
3685	3721
4029	3685
4018	4029
3975	4018
4053	3975
4028	4053
4019	4028
4096	4019
3962	4096
3912	3962
3927	3912
3944	3927
3926	3944
3930	3926
4044	3930
4137	4044
4171	4137
4168	4171
4145	4168
4149	4145
4046	4149
4052	4046
4136	4052
4055	4136
4041	4055
3976	4041
4217	3976
4190	4217
4227	4190
4146	4227
4291	4146
4269	4291
4252	4269
4143	4252
4209	4143
4170	4209
4156	4170
4139	4156
4233	4139
4133	4233
4036	4133
3775	4036
3993	3775
3678	3993
4085	3678
4173	4085
3965	4173
4100	3965
4158	4100
4120	4158
4210	4120
4134	4210
4188	4134
4037	4188
4051	4037
4062	4051
3960	4062
4061	3960
4092	4061
4102	4092
4380	4102
4111	4380
4176	4111
4126	4176
4368	4126
3951	4368
4088	3951
4449	4088
4593	4449
4589	4593
4363	4589
4351	4363
4345	4351
4223	4345
4216	4223
4129	4216
4128	4129
4066	4128
4063	4066
3984	4063
3971	3984
4087	3971
4074	4087
4091	4074
3918	4091
4095	3918
3902	4095
4026	3902
4021	4026
3936	4021
4084	3936
4246	4084
4114	4246
4118	4114
4094	4118
4122	4094
4109	4122
4215	4109
4154	4215
4086	4154
4113	4086
4140	4113
4383	4140
4271	4383
4172	4271
4199	4172
4219	4199
3957	4219
4125	3957
4112	4125
4083	4112
4010	4083
3922	4010
4007	3922
3901	4007
4024	3901
4117	4024
4106	4117
4076	4106
4013	4076
4059	4013
4077	4059
4214	4077
4045	4214
4017	4045
4015	4017
3992	4015
3935	3992
3949	3935
3932	3949
3873	3932
3891	3873
3989	3891
4124	3989
4294	4124
4056	4294
3988	4056
3970	3988
4418	3970
4198	4418
4104	4198
4001	4104
3996	4001
3978	3996
3907	3978
3967	3907
4004	3967
3956	4004
3905	3956
3973	3905
3986	3973
3938	3986
3887	3938
3948	3887
3945	3948
3857	3945
3925	3857
3869	3925
3966	3869
3881	3966
3849	3881
4000	3849
3963	4000
3917	3963
3900	3917
3735	3900
3786	3735
3897	3786
3896	3897
3961	3896
3952	3961
3941	3952
3916	3941
4035	3916
3892	4035
3868	3892
3859	3868
3798	3859
3895	3798
3861	3895
3893	3861
3840	3893
3842	3840
3879	3842
3911	3879
3898	3911
3894	3898
3908	3894
3802	3908
3883	3802
4082	3883
3983	4082
3980	3983
3943	3980
4195	3943
3865	4195
3942	3865
3672	3942
3683	3672
4023	3683
3999	4023
4034	3999
4033	4034
4039	4033
3968	4039
3982	3968
4005	3982
4032	4005
4049	4032
4072	4049
4159	4072
4184	4159
4280	4184
4328	4280
4256	4328
4205	4256
4174	4205
4079	4174
4220	4079
4097	4220
4073	4097
4027	4073
4022	4027
3950	4022
4025	3950
3998	4025
3921	3998
3906	3921
3909	3906
3878	3909
3888	3878
3987	3888
4090	3987
4057	4090
3969	4057
3920	3969
4105	3920
4075	4105
4003	4075
4058	4003
3953	4058
3995	3953
3997	3995
3977	3997
3954	3977
3910	3954
3924	3910
3743	3924
3955	3743
4078	3955
4048	4078
4043	4048
3990	4043
3981	3990
3979	3981
4012	3979
4060	4012
3937	4060
3832	3937
3863	3832
3862	3863
3711	3862
3626	3711
3843	3626
3754	3843
3923	3754
3972	3923
3667	3972
3781	3667
3985	3781
3847	3985
3864	3847
3852	3864
3914	3852
3974	3914
3959	3974
3929	3959
3904	3929
3882	3904
3867	3882
4081	3867
3946	4081
3913	3946
3919	3913
3836	3919
3841	3836
3835	3841
3808	3835
3789	3808
3804	3789
3806	3804
4080	3806
4361	4080
4179	4361
3884	4179
3872	3884
3850	3872
3855	3850
3604	3855
3811	3604
3799	3811
3903	3799
4110	3903
4103	4110
3889	4103
3874	3889
3875	3874
3880	3875
3734	3880
3745	3734
3845	3745
3886	3845
3848	3886
3858	3848
3854	3858
3834	3854
3838	3834
3800	3838
3853	3800
3820	3853
3782	3820
3726	3782
3741	3726
3725	3741
3724	3725
3791	3724
3885	3791
3749	3885
3688	3749
3654	3688
3776	3654
3830	3776
3744	3830
3772	3744
3994	3772
3819	3994
3691	3819
3676	3691
3574	3676
3662	3574
3690	3662
3756	3690
3839	3756
3750	3839
3647	3750
3677	3647
3621	3677
3708	3621
3703	3708
3686	3703
3940	3686
4009	3940
3899	4009
3780	3899
3764	3780
3742	3764
3674	3742
3689	3674
3809	3689
3807	3809
3770	3807
3766	3770
3714	3766
3731	3714
3619	3731
3716	3619
3614	3716
3595	3614
3833	3595
3829	3833
3877	3829
3826	3877
3762	3826
3738	3762
3679	3738
3768	3679
3803	3768
3785	3803
3761	3785
3856	3761
3821	3856
3805	3821
3851	3805
3815	3851
3827	3815
3812	3827
3788	3812
3790	3788
3846	3790
3710	3846
3695	3710
3860	3695
3931	3860
3871	3931
3823	3871
3801	3823
3718	3801
3773	3718
3774	3773
3757	3774
3752	3757
3746	3752
3653	3746
3652	3653
3657	3652
3958	3657
3681	3958
3680	3681
3866	3680
3687	3866
3890	3687
3876	3890
3844	3876
3831	3844
3813	3831
4243	3813
3870	4243
3824	3870
3837	3824
3828	3837
3817	3828
3814	3817
3822	3814
3778	3822
3699	3778
3507	3699
3643	3507
3793	3643
3825	3793
3777	3825
3765	3777
3784	3765
3763	3784
3759	3763
3650	3759
3602	3650
3792	3602
3779	3792
3818	3779
3729	3818
3728	3729
3545	3728
3760	3545
3701	3760
3947	3701
3747	3947
3632	3747
3612	3632
3669	3612
3649	3669
3624	3649
3648	3624
3610	3648
3642	3610
3816	3642
3736	3816
3611	3736
3593	3611
3585	3593
3665	3585
3645	3665
3640	3645
3639	3640
3668	3639
3644	3668
3572	3644
3727	3572
3497	3727
3583	3497
3567	3583
3490	3567
3588	3490
3618	3588
3675	3618
3597	3675
3525	3597
3424	3525
3413	3424
3613	3413
3638	3613
3546	3638
3709	3546
3795	3709
3783	3795
3796	3783
3787	3796
3794	3787
3712	3794
3717	3712
3696	3717
3732	3696
3769	3732
3715	3769
3702	3715
3694	3702
3540	3694
3692	3540
3547	3692
3531	3547
3543	3531
3529	3543
3511	3529
3562	3511
3527	3562
3498	3527
3512	3498
3515	3512
3706	3515
3707	3706
3528	3707
3496	3528
3719	3496
3722	3719
3704	3722
3553	3704
3530	3553
3733	3530
3705	3733
3608	3705
3532	3608
3541	3532
3544	3541
3349	3544
3554	3349
3609	3554
3514	3609
3589	3514
3505	3589
3502	3505
3286	3502
3261	3286
3294	3261
3771	3294
3480	3771
3713	3480
3723	3713
3753	3723
3739	3753
3664	3739
3748	3664
3651	3748
3625	3651
3590	3625
3663	3590
3559	3663
3577	3559
3633	3577
3767	3633
3758	3767
3737	3758
3720	3737
3637	3720
3670	3637
3673	3670
3658	3673
3656	3658
3627	3656
3596	3627
3622	3596
3755	3622
3682	3755
3659	3682
3671	3659
3666	3671
3599	3666
3592	3599
3569	3592
3586	3569
3402	3586
3630	3402
3684	3630
3635	3684
3628	3635
3620	3628
3568	3620
3603	3568
3661	3603
3616	3661
3594	3616
3740	3594
3600	3740
3571	3600
3499	3571
3580	3499
3552	3580
3605	3552
3636	3605
3578	3636
3570	3578
3561	3570
3557	3561
3550	3557
3412	3550
3751	3412
3646	3751
3634	3646
3598	3634
3397	3598
3378	3397
3375	3378
3373	3375
3414	3373
3615	3414
3437	3615
3372	3437
3405	3372
3575	3405
3487	3575
3641	3487
3518	3641
3432	3518
3345	3432
3336	3345
3587	3336
3538	3587
3516	3538
3521	3516
3519	3521
3700	3519
3797	3700
3536	3797
3504	3536
3471	3504
3469	3471
3473	3469
3464	3473
3467	3464
3456	3467
3452	3456
3455	3452
3447	3455
3438	3447
3450	3438
3448	3450
3441	3448
3517	3441
3584	3517
3508	3584
3526	3508
3485	3526
3481	3485
3555	3481
3460	3555
3454	3460
3193	3454
3439	3193
3435	3439
3436	3435
3431	3436
3427	3431
3401	3427
3433	3401
3434	3433
3409	3434
3522	3409
3501	3522
3500	3501
3486	3500
3484	3486
3476	3484
3461	3476
3491	3461
3301	3491
3290	3301
3328	3290
3293	3328
3253	3293
3386	3253
3384	3386
3475	3384
3449	3475
3556	3449
3565	3556
3374	3565
3560	3374
3279	3560
3351	3279
3266	3351
3178	3266
3189	3178
3576	3189
3542	3576
3539	3542
3422	3539
3489	3422
3425	3489
3548	3425
3558	3548
3493	3558
3730	3493
3478	3730
3524	3478
3285	3524
3660	3285
3623	3660
3564	3623
3549	3564
3655	3549
3430	3655
3810	3430
3697	3810
3488	3697
3479	3488
3513	3479
3407	3513
3348	3407
3309	3348
3410	3309
3495	3410
3631	3495
3606	3631
3698	3606
3533	3698
3492	3533
3470	3492
3325	3470
3421	3325
3403	3421
3419	3403
3383	3419
3381	3383
3366	3381
3582	3366
3416	3582
3364	3416
3440	3364
3415	3440
3474	3415
3387	3474
3300	3387
3276	3300
3268	3276
3591	3268
3601	3591
3579	3601
3566	3579
3459	3566
3423	3459
3346	3423
3319	3346
3551	3319
3341	3551
3342	3341
3332	3342
3399	3332
3379	3399
3368	3379
3563	3368
3617	3563
3607	3617
3321	3607
3581	3321
3363	3581
3392	3363
3314	3392
3629	3314
3573	3629
3509	3573
3535	3509
3465	3535
3483	3465
3453	3483
3246	3453
3212	3246
3194	3212
3411	3194
3426	3411
3330	3426
3312	3330
3211	3312
3352	3211
3408	3352
3361	3408
3417	3361
3404	3417
3356	3404
3288	3356
3233	3288
3206	3233
3275	3206
3477	3275
3218	3477
3284	3218
3313	3284
3365	3313
3322	3365
3277	3322
3188	3277
3235	3188
3323	3235
3358	3323
3400	3358
3395	3400
3340	3395
3333	3340
3357	3333
3362	3357
3367	3362
3420	3367
3537	3420
3355	3537
3094	3355
3520	3094
3144	3520
3163	3144
3232	3163
3274	3232
3255	3274
3220	3255
3371	3220
3354	3371
3523	3354
3458	3523
3382	3458
3398	3382
3377	3398
3380	3377
3272	3380
3281	3272
3320	3281
3494	3320
3259	3494
3099	3259
3248	3099
3229	3248
3307	3229
3390	3307
3406	3390
3385	3406
3306	3385
3446	3306
3343	3446
3396	3343
3337	3396
3200	3337
3222	3200
3161	3222
3269	3161
3240	3269
3324	3240
3329	3324
3344	3329
3327	3344
3326	3327
3280	3326
3347	3280
3338	3347
3335	3338
3308	3335
3305	3308
3310	3305
3242	3310
3256	3242
3250	3256
3247	3250
3370	3247
3394	3370
3243	3394
3214	3243
3231	3214
3468	3231
3391	3468
3360	3391
3359	3360
3331	3359
3270	3331
3273	3270
3216	3273
3350	3216
3418	3350
3334	3418
3196	3334
3296	3196
3311	3296
3278	3311
3257	3278
3254	3257
3267	3254
3271	3267
3239	3271
3183	3239
3221	3183
3141	3221
3234	3141
3291	3234
3173	3291
3148	3173
3297	3148
3444	3297
3506	3444
3503	3506
3466	3503
3463	3466
3693	3463
3462	3693
3482	3462
3510	3482
3174	3510
3143	3174
3147	3143
3393	3147
3445	3393
3339	3445
3451	3339
3428	3451
3095	3428
3100	3095
3091	3100
3289	3091
3263	3289
3244	3263
3230	3244
3219	3230
3191	3219
2996	3191
3001	2996
3039	3001
3037	3039
3083	3037
3389	3083
3287	3389
3093	3287
3075	3093
3070	3075
3082	3070
3226	3082
3534	3226
3472	3534
3457	3472
3115	3457
3109	3115
3073	3109
3060	3073
3151	3060
3090	3151
3190	3090
3185	3190
3103	3185
3068	3103
3015	3068
3197	3015
3168	3197
3202	3168
3215	3202
3209	3215
3186	3209
3315	3186
3169	3315
3295	3169
3292	3295
3265	3292
3245	3265
3303	3245
3317	3303
3298	3317
3264	3298
3262	3264
3252	3262
3223	3252
3249	3223
3283	3249
3282	3283
3260	3282
3258	3260
3207	3258
3225	3207
3180	3225
3165	3180
3251	3165
3224	3251
3217	3224
3213	3217
3179	3213
3236	3179
3228	3236
3067	3228
3158	3067
3142	3158
3167	3142
3199	3167
3176	3199
3136	3176
3184	3136
3302	3184
3192	3302
3145	3192
3092	3145
3353	3092
3000	3353
2853	3000
3159	2853
3110	3159
3157	3110
3137	3157
3105	3137
3154	3105
3058	3154
3036	3058
2910	3036
3238	2910
3170	3238
3042	3170
3376	3042
3316	3376
2984	3316
3044	2984
3162	3044
3166	3162
3112	3166
3020	3112
3133	3020
3125	3133
3187	3125
3152	3187
3160	3152
3172	3160
3164	3172
3104	3164
3126	3104
3119	3126
3041	3119
3049	3041
3026	3049
3135	3026
3108	3135
3043	3108
2893	3043
3045	2893
2986	3045
3069	2986
3066	3069
3061	3066
3048	3061
2992	3048
3056	2992
3087	3056
3085	3087
3201	3085
3153	3201
3086	3153
3102	3086
3429	3102
3388	3429
3077	3388
3076	3077
3065	3076
3054	3065
3002	3054
2902	3002
2964	2902
3442	2964
3299	3442
3205	3299
3096	3205
3304	3096
2989	3304
3088	2989
3089	3088
3074	3089
3038	3074
2987	3038
3047	2987
3004	3047
3116	3004
3118	3116
3156	3118
3208	3156
3203	3208
3140	3203
3129	3140
3138	3129
3177	3138
3084	3177
3031	3084
3121	3031
3114	3121
3117	3114
3227	3117
2947	3227
2824	2947
2834	2824
2852	2834
3016	2852
3014	3016
3030	3014
3021	3030
3155	3021
3034	3155
3059	3034
3013	3059
3010	3013
2956	3010
3003	2956
2961	3003
3035	2961
3046	3035
3171	3046
3210	3171
3132	3210
3122	3132
3181	3122
3131	3181
3127	3131
3139	3127
3101	3139
2981	3101
3052	2981
2977	3052
3029	2977
3023	3029
2960	3023
2942	2960
2904	2942
2825	2904
3051	2825
2958	3051
2847	2958
2712	2847
3130	2712
3124	3130
3123	3124
2841	3123
2830	2841
2842	2830
2837	2842
2851	2837
2945	2851
3022	2945
2919	3022
2849	2919
3111	2849
3106	3111
2843	3106
2645	2843
3033	2645
3018	3033
3009	3018
3028	3009
2840	3028
2831	2840
3019	2831
3097	3019
2833	3097
2821	2833
2789	2821
2696	2789
3017	2696
2890	3017
3098	2890
3128	3098
3175	3128
3025	3175
3134	3025
3241	3134
3079	3241
3204	3079
3198	3204
2988	3198
3011	2988
2973	3011
2983	2973
2892	2983
2899	2892
3012	2899
3146	3012
3237	3146
3443	3237
3318	3443
3150	3318
2980	3150
3063	2980
2972	3063
2970	2972
2965	2970
3071	2965
2976	3071
2959	2976
2900	2959
2876	2900
2875	2876
2955	2875
2995	2955
3369	2995
3120	3369
3113	3120
2867	3113
3008	2867
2967	3008
3107	2967
3032	3107
2941	3032
2998	2941
3080	2998
3057	3080
3055	3057
3040	3055
3007	3040
2994	3007
2943	2994
2929	2943
2951	2929
2915	2951
3072	2915
2993	3072
3064	2993
2895	3064
2999	2895
2991	2999
3149	2991
3195	3149
2990	3195
2979	2990
2974	2979
2962	2974
2922	2962
2963	2922
2944	2963
2948	2944
2872	2948
2822	2872
2801	2822
2800	2801
2939	2800
2936	2939
2873	2936
2937	2873
2997	2937
2969	2997
2927	2969
2978	2927
2926	2978
2917	2926
2807	2917
2811	2807
2903	2811
2818	2903
2784	2818
2779	2784
2790	2779
2710	2790
2695	2710
2679	2695
2952	2679
2897	2952
2975	2897
2938	2975
2954	2938
2930	2954
3081	2930
3182	3081
3078	3182
3062	3078
3053	3062
2883	3053
2882	2883
2820	2882
2741	2820
2613	2741
2610	2613
2736	2610
2940	2736
2925	2940
2839	2925
2845	2839
2816	2845
2870	2816
2935	2870
2928	2935
2846	2928
2794	2846
2836	2794
2906	2836
2905	2906
2730	2905
2756	2730
2812	2756
2751	2812
2813	2751
2738	2813
2739	2738
2746	2739
2727	2746
2724	2727
2684	2724
2534	2684
2604	2534
2747	2604
2798	2747
2909	2798
2901	2909
2848	2901
2826	2848
2810	2826
2932	2810
2884	2932
2968	2884
3050	2968
2887	3050
2896	2887
2950	2896
2923	2950
2850	2923
2856	2850
2859	2856
2891	2859
2854	2891
2829	2854
2728	2829
2814	2728
2713	2814
2768	2713
2804	2768
2762	2804
2865	2762
2985	2865
2949	2985
2982	2949
3005	2982
2916	3005
2971	2916
2924	2971
2957	2924
2918	2957
2907	2918
2871	2907
2911	2871
2908	2911
2920	2908
2860	2920
2894	2860
2888	2894
2898	2888
2889	2898
2880	2889
2868	2880
2881	2868
2758	2881
2914	2758
2879	2914
2953	2879
2797	2953
2795	2797
2791	2795
2773	2791
2913	2773
2885	2913
2886	2885
2912	2886
2863	2912
2688	2863
2861	2688
2772	2861
2796	2772
2878	2796
2802	2878
2862	2802
2775	2862
2689	2775
2557	2689
2655	2557
2545	2655
2653	2545
2770	2653
2622	2770
2763	2622
2857	2763
2855	2857
2729	2855
2650	2729
2644	2650
2608	2644
2590	2608
2690	2590
2743	2690
2844	2743
2828	2844
2819	2828
2732	2819
2783	2732
2705	2783
2838	2705
2737	2838
2778	2737
2806	2778
2769	2806
2714	2769
2933	2714
2708	2933
2877	2708
2767	2877
2808	2767
2817	2808
2745	2817
2827	2745
2748	2827
2744	2748
2782	2744
2815	2782
2723	2815
2722	2723
2734	2722
2654	2734
2583	2654
2711	2583
2720	2711
2692	2720
2672	2692
2627	2672
2555	2627
2641	2555
2781	2641
2766	2781
2788	2766
2866	2788
2799	2866
2792	2799
2966	2792
2565	2966
2760	2565
2633	2760
2611	2633
2575	2611
2568	2575
2709	2568
2715	2709
2662	2715
2639	2662
2629	2639
2721	2629
2735	2721
2702	2735
2704	2702
2699	2704
2643	2699
2624	2643
2584	2624
2573	2584
2562	2573
2470	2562
2543	2470
2564	2543
2832	2564
2823	2832
2733	2823
2755	2733
2539	2755
2771	2539
2757	2771
2803	2757
2874	2803
2777	2874
2776	2777
2761	2776
2693	2761
2677	2693
2532	2677
2479	2532
2489	2479
2542	2489
2694	2542
2664	2694
2659	2664
2605	2659
2435	2605
2490	2435
2697	2490
2719	2697
2618	2719
2635	2618
2452	2635
2621	2452
2612	2621
2674	2612
2685	2674
2754	2685
2683	2754
2680	2683
2786	2680
2780	2786
2774	2780
2725	2774
2671	2725
2658	2671
2637	2658
2749	2637
2636	2749
2869	2636
2787	2869
2303	2787
2616	2303
2686	2616
2642	2686
2864	2642
2752	2864
2921	2752
2793	2921
2667	2793
2687	2667
2553	2687
2707	2553
2731	2707
2717	2731
2718	2717
2549	2718
3027	2549
2703	3027
3006	2703
2805	3006
3024	2805
2946	3024
2765	2946
2753	2765
2661	2753
2620	2661
2681	2620
2858	2681
2934	2858
2931	2934
2835	2931
2726	2835
2716	2726
2409	2716
2678	2409
2673	2678
2656	2673
2528	2656
2648	2528
2476	2648
2432	2476
2422	2432
2400	2422
2577	2400
2657	2577
2669	2657
2663	2669
2649	2663
2566	2649
2540	2566
2434	2540
2601	2434
2607	2601
2614	2607
2594	2614
2599	2594
2595	2599
2592	2595
2623	2592
2603	2623
2522	2603
2698	2522
2700	2698
2640	2700
2482	2640
2630	2482
2750	2630
2596	2750
2559	2596
2574	2559
2668	2574
2675	2668
2670	2675
2652	2670
2631	2652
2625	2631
2570	2625
2579	2570
2529	2579
2550	2529
2551	2550
2585	2551
2809	2585
2646	2809
2682	2646
2676	2682
2651	2676
2606	2651
2609	2606
2706	2609
2626	2706
2619	2626
2580	2619
2572	2580
2525	2572
2548	2525
2536	2548
2638	2536
2634	2638
2617	2634
2615	2617
2587	2615
2588	2587
2578	2588
2488	2578
2475	2488
2589	2475
2567	2589
2563	2567
2571	2563
2560	2571
2505	2560
2569	2505
2480	2569
2477	2480
2472	2477
2538	2472
2597	2538
2785	2597
2759	2785
2547	2759
2764	2547
2372	2764
2364	2372
2520	2364
2499	2520
2535	2499
2552	2535
2515	2552
2541	2515
2544	2541
2495	2544
2494	2495
2531	2494
2527	2531
2478	2527
2424	2478
2415	2424
2404	2415
2464	2404
2459	2464
2433	2459
2401	2433
2405	2401
2582	2405
2628	2582
2508	2628
2483	2508
2425	2483
2390	2425
2537	2390
2632	2537
2581	2632
2586	2581
2598	2586
2458	2598
2457	2458
2273	2457
2266	2273
2521	2266
2292	2521
2524	2292
2449	2524
2600	2449
2504	2600
2513	2504
2519	2513
2558	2519
2533	2558
2556	2533
2437	2556
2440	2437
2439	2440
2438	2439
2431	2438
2427	2431
2418	2427
2410	2418
2420	2410
2502	2420
2493	2502
2491	2493
2382	2491
2350	2382
2517	2350
2430	2517
2509	2430
2647	2509
2463	2647
2666	2463
2514	2666
2468	2514
2497	2468
2399	2497
2450	2399
2442	2450
2742	2442
2740	2742
2691	2740
2665	2691
2593	2665
2385	2593
2416	2385
2511	2416
2387	2511
2374	2387
2377	2374
2426	2377
2367	2426
2373	2367
2379	2373
2346	2379
2327	2346
2321	2327
2361	2321
2314	2361
2264	2314
2247	2264
2284	2247
2546	2284
2492	2546
2530	2492
2485	2530
2474	2485
2368	2474
2337	2368
2701	2337
2561	2701
2507	2561
2498	2507
2413	2498
2388	2413
2304	2388
2421	2304
2276	2421
2386	2276
2417	2386
2419	2417
2253	2419
2500	2253
2510	2500
2486	2510
2462	2486
2448	2462
2467	2448
2383	2467
2272	2383
2302	2272
2381	2302
2328	2381
2358	2328
2354	2358
2366	2354
2591	2366
2455	2591
2316	2455
2299	2316
2298	2299
2279	2298
2181	2279
2451	2181
2397	2451
2516	2397
2512	2516
2487	2512
2396	2487
2370	2396
2362	2370
2360	2362
2288	2360
2473	2288
2352	2473
2339	2352
2254	2339
2465	2254
2436	2465
2402	2436
2471	2402
2454	2471
2447	2454
2414	2447
2312	2414
2518	2312
2428	2518
2283	2428
2461	2283
2456	2461
2484	2456
2496	2484
2506	2496
2501	2506
2576	2501
2554	2576
2526	2554
2523	2526
2446	2523
2453	2446
2407	2453
2481	2407
2441	2481
2325	2441
2296	2325
2271	2296
2149	2271
2102	2149
2184	2102
2069	2184
2095	2069
2602	2095
2660	2602
2332	2660
2326	2332
2159	2326
2052	2159
2251	2052
2376	2251
2445	2376
2443	2445
2375	2443
2347	2375
2313	2347
2262	2313
2318	2262
2119	2318
2306	2119
2344	2306
2466	2344
2282	2466
2278	2282
2263	2278
2198	2263
2406	2198
2275	2406
2398	2275
2252	2398
2469	2252
2242	2469
2297	2242
2223	2297
2355	2223
2258	2355
2230	2258
2202	2230
2153	2202
2156	2153
2105	2156
2112	2105
2331	2112
2371	2331
2359	2371
2503	2359
2369	2503
2357	2369
2342	2357
2340	2342
2345	2340
2341	2345
2334	2341
2333	2334
2319	2333
2311	2319
2310	2311
2343	2310
2309	2343
2308	2309
2307	2308
2300	2307
2301	2300
2330	2301
2106	2330
2103	2106
2038	2103
2073	2038
2076	2073
2281	2076
2085	2281
2195	2085
2444	2195
2320	2444
2205	2320
2229	2205
2429	2229
2423	2429
2378	2423
2353	2378
2335	2353
2259	2335
2245	2259
2220	2245
2200	2220
2210	2200
2250	2210
2392	2250
2393	2392
2411	2393
2460	2411
2363	2460
2293	2363
2291	2293
2395	2291
2380	2395
2391	2380
2338	2391
2290	2338
2126	2290
2208	2126
2204	2208
2408	2204
2349	2408
2317	2349
2351	2317
2329	2351
2305	2329
2152	2305
2180	2152
2365	2180
2274	2365
2241	2274
2216	2241
2132	2216
2133	2132
2147	2133
2176	2147
2294	2176
2172	2294
2157	2172
2170	2157
2256	2170
2226	2256
2257	2226
2233	2257
2234	2233
2403	2234
2389	2403
2194	2389
2225	2194
2209	2225
2207	2209
2196	2207
2203	2196
2231	2203
2246	2231
2240	2246
2412	2240
2394	2412
2260	2394
2322	2260
2285	2322
2222	2285
2265	2222
2237	2265
2217	2237
2212	2217
2249	2212
2280	2249
2221	2280
2213	2221
2215	2213
2232	2215
2384	2232
2323	2384
2224	2323
2138	2224
2144	2138
2145	2144
2093	2145
2261	2093
2191	2261
2239	2191
2270	2239
2248	2270
2206	2248
2193	2206
2150	2193
2186	2150
2192	2186
2244	2192
2214	2244
2243	2214
2190	2243
2269	2190
2295	2269
2348	2295
2219	2348
2111	2219
2084	2111
1997	2084
2268	1997
2238	2268
2045	2238
2121	2045
2115	2121
2289	2115
2197	2289
2155	2197
2146	2155
2141	2146
2143	2141
2171	2143
2137	2171
2130	2137
2151	2130
2123	2151
2027	2123
1941	2027
2109	1941
2129	2109
1963	2129
1945	1963
2107	1945
2117	2107
2116	2117
2072	2116
2108	2072
2082	2108
2033	2082
2096	2033
2059	2096
1983	2059
1866	1983
1992	1866
2088	1992
2100	2088
2134	2100
2336	2134
2356	2336
2267	2356
2175	2267
2164	2175
2124	2164
2097	2124
2089	2097
2077	2089
2083	2077
2113	2083
2058	2113
2081	2058
2315	2081
2079	2315
2075	2079
2086	2075
2169	2086
2104	2169
2211	2104
2182	2211
2054	2182
2188	2054
2161	2188
2227	2161
2255	2227
2236	2255
2189	2236
2168	2189
2163	2168
2158	2163
2287	2158
2324	2287
2286	2324
2050	2286
2037	2050
2055	2037
2071	2055
2199	2071
2066	2199
2061	2066
2043	2061
2057	2043
2068	2057
2074	2068
2034	2074
2049	2034
2046	2049
2042	2046
2040	2042
2053	2040
2063	2053
2056	2063
2094	2056
2187	2094
2160	2187
2154	2160
1972	2154
1920	1972
1929	1920
1882	1929
2114	1882
1968	2114
2118	1968
2177	2118
2183	2177
1962	2183
2167	1962
2051	2167
2031	2051
1965	2031
1949	1965
1948	1949
1961	1948
2235	1961
2201	2235
2178	2201
1960	2178
2005	1960
2060	2005
2013	2060
2078	2013
2064	2078
2047	2064
1985	2047
1904	1985
1943	1904
2140	1943
2142	2140
2139	2142
2148	2139
2162	2148
2120	2162
1959	2120
2020	1959
1999	2020
1932	1999
2018	1932
2019	2018
2014	2019
1987	2014
2023	1987
1933	2023
1930	1933
1924	1930
1955	1924
1938	1955
1906	1938
1921	1906
2228	1921
2179	2228
2174	2179
2166	2174
2185	2166
2135	2185
2122	2135
2067	2122
2022	2067
1831	2022
1818	1831
1850	1818
2087	1850
2015	2087
2008	2015
1830	2008
1799	1830
1897	1799
2017	1897
1919	2017
2006	1919
1973	2006
2048	1973
1996	2048
2000	1996
2001	2000
2090	2001
2070	2090
2032	2070
2080	2032
2110	2080
2062	2110
1966	2062
1890	1966
1620	1890
1616	1620
1558	1616
1521	1558
1608	1521
1838	1608
1789	1838
1751	1789
1771	1751
2218	1771
1994	2218
2004	1994
2131	2004
2101	2131
2173	2101
2165	2173
1942	2165
2277	1942
1954	2277
1947	1954
1958	1947
2030	1958
1869	2030
1766	1869
1859	1766
2127	1859
1956	2127
1951	1956
1952	1951
1944	1952
1950	1944
1940	1950
1927	1940
1939	1927
1922	1939
1892	1922
1785	1892
1778	1785
1835	1778
1758	1835
1912	1758
1695	1912
1884	1695
2125	1884
2136	2125
2128	2136
2098	2128
1885	2098
2092	1885
2099	2092
2026	2099
1953	2026
2011	1953
2007	2011
2021	2007
2003	2021
2025	2003
2002	2025
1986	2002
1931	1986
1832	1931
1860	1832
1836	1860
1744	1836
1675	1744
1740	1675
1816	1740
1980	1816
1839	1980
1979	1839
1923	1979
1824	1923
1828	1824
1880	1828
2028	1880
1990	2028
2029	1990
2036	2029
2024	2036
2016	2024
1993	2016
1991	1993
1984	1991
2035	1984
2039	2035
1998	2039
1967	1998
1901	1967
1978	1901
1977	1978
1988	1977
1900	1988
2041	1900
1971	2041
1903	1971
1873	1903
1872	1873
1861	1872
1970	1861
1909	1970
1881	1909
2065	1881
1969	2065
2044	1969
2010	2044
1964	2010
1911	1964
1847	1911
1829	1847
1801	1829
2009	1801
1867	2009
1709	1867
1636	1709
1989	1636
1809	1989
1976	1809
1848	1976
1837	1848
1805	1837
1724	1805
1721	1724
1710	1721
1749	1710
1981	1749
1814	1981
1982	1814
1817	1982
1735	1817
1791	1735
1827	1791
1898	1827
1841	1898
1887	1841
1876	1887
1875	1876
1910	1875
1811	1910
1782	1811
1834	1782
1857	1834
1826	1857
1819	1826
1806	1819
1974	1806
1790	1974
1734	1790
1727	1734
1825	1727
1822	1825
1895	1822
1913	1895
1914	1913
1995	1914
1907	1995
1844	1907
1823	1844
1870	1823
1918	1870
1902	1918
1886	1902
1840	1886
1957	1840
1946	1957
1784	1946
1776	1784
1699	1776
1899	1699
1908	1899
1798	1908
1681	1798
1691	1681
1863	1691
1852	1863
1935	1852
1928	1935
1765	1928
1748	1765
1845	1748
1833	1845
1781	1833
1750	1781
1894	1750
1888	1894
1854	1888
1926	1854
1793	1926
1720	1793
1797	1720
1853	1797
1788	1853
1652	1788
1780	1652
1732	1780
1925	1732
1936	1925
1763	1936
1677	1763
1856	1677
1768	1856
1917	1768
1905	1917
1843	1905
1779	1843
1664	1779
1760	1664
1696	1760
1773	1696
1767	1773
1916	1767
1893	1916
1937	1893
1865	1937
1757	1865
1729	1757
1756	1729
1659	1756
1656	1659
1716	1656
1731	1716
1595	1731
1617	1595
1570	1617
1532	1570
1423	1532
1326	1423
1459	1326
1628	1459
1689	1628
1670	1689
1688	1670
1704	1688
1713	1704
1683	1713
1674	1683
1667	1674
1693	1667
1663	1693
1638	1663
1820	1638
1746	1820
1759	1746
1722	1759
1687	1722
1522	1687
1560	1522
1714	1560
1774	1714
1807	1774
1803	1807
1607	1803
1737	1607
1802	1737
1792	1802
1692	1792
1630	1692
1723	1630
1701	1723
1777	1701
1810	1777
1800	1810
1783	1800
1762	1783
1686	1762
1755	1686
1743	1755
1660	1743
1846	1660
1896	1846
1874	1896
1871	1874
1864	1871
1849	1864
1889	1849
1883	1889
1891	1883
1862	1891
1915	1862
1858	1915
1786	1858
1639	1786
1672	1639
1646	1672
1772	1646
1764	1772
1877	1764
1690	1877
1678	1690
1510	1678
1508	1510
1504	1508
1467	1504
1473	1467
1787	1473
1725	1787
1668	1725
1645	1668
1453	1645
1507	1453
1433	1507
1444	1433
1642	1444
1855	1642
1728	1855
1851	1728
1738	1851
1794	1738
1813	1794
1815	1813
1770	1815
1879	1770
1878	1879
1934	1878
2012	1934
2091	2012
1975	2091
1842	1975
1754	1842
1796	1754
1741	1796
1615	1741
1761	1615
1703	1761
1702	1703
1661	1702
1634	1661
1697	1634
1706	1697
1712	1706
1648	1712
1613	1648
1708	1613
1552	1708
1742	1552
1812	1742
1739	1812
1700	1739
1633	1700
1618	1633
1622	1618
1597	1622
1795	1597
1775	1795
1629	1775
1605	1629
1594	1605
1745	1594
1868	1745
1821	1868
1719	1821
1808	1719
1736	1808
1804	1736
1717	1804
1619	1717
1747	1619
1647	1747
1694	1647
1583	1694
1565	1583
1632	1565
1604	1632
1637	1604
1476	1637
1577	1476
1540	1577
1602	1540
1421	1602
1606	1421
1603	1606
1626	1603
1579	1626
1588	1579
1621	1588
1609	1621
1707	1609
1614	1707
1576	1614
1575	1576
1653	1575
1584	1653
1478	1584
1529	1478
1472	1529
1496	1472
1482	1496
1555	1482
1509	1555
1479	1509
1447	1479
1572	1447
1495	1572
1599	1495
1585	1599
1625	1585
1582	1625
1561	1582
1654	1561
1657	1654
1463	1657
1655	1463
1643	1655
1466	1643
1488	1466
1665	1488
1640	1665
1475	1640
1649	1475
1342	1649
1332	1342
1350	1332
1339	1350
1328	1339
1442	1328
1400	1442
1334	1400
1324	1334
1310	1324
1322	1310
1236	1322
1217	1236
1347	1217
1451	1347
1480	1451
1456	1480
1512	1456
1769	1512
1682	1769
1662	1682
1600	1662
1680	1600
1752	1680
1726	1752
1673	1726
1711	1673
1635	1711
1627	1635
1593	1627
1569	1593
1547	1569
1545	1547
1538	1545
1539	1538
1541	1539
1520	1541
1425	1520
1518	1425
1685	1518
1587	1685
1559	1587
1528	1559
1426	1528
1412	1426
1573	1412
1417	1573
1385	1417
1550	1385
1474	1550
1679	1474
1658	1679
1514	1658
1498	1514
1527	1498
1650	1527
1431	1650
1452	1431
1458	1452
1591	1458
1536	1591
1346	1536
1300	1346
1543	1300
1524	1543
1535	1524
1598	1535
1566	1598
1493	1566
1544	1493
1581	1544
1641	1581
1730	1641
1705	1730
1684	1705
1551	1684
1502	1551
1513	1502
1669	1513
1671	1669
1676	1671
1586	1676
1571	1586
1666	1571
1610	1666
1578	1610
1596	1578
1492	1596
1533	1492
1348	1533
1568	1348
1312	1568
1380	1312
1567	1380
1612	1567
1574	1612
1523	1574
1411	1523
1437	1411
1446	1437
1435	1446
1471	1435
1454	1471
1457	1454
1439	1457
1469	1439
1491	1469
1516	1491
1470	1516
1419	1470
1580	1419
1554	1580
1413	1554
1564	1413
1563	1564
1406	1563
1405	1406
1306	1405
1549	1306
1407	1549
1389	1407
1715	1389
1279	1715
1303	1279
1289	1303
1487	1289
1403	1487
1404	1403
1401	1404
1397	1401
1372	1397
1383	1372
1408	1383
1398	1408
1391	1398
1378	1391
1376	1378
1395	1376
1519	1395
1537	1519
1534	1537
1531	1534
1525	1531
1427	1525
1526	1427
1462	1526
1422	1462
1416	1422
1424	1416
1418	1424
1557	1418
1556	1557
1548	1556
1530	1548
1415	1530
1414	1415
1410	1414
1390	1410
1399	1390
1394	1399
1393	1394
1388	1393
1277	1388
1542	1277
1283	1542
1373	1283
1301	1373
1357	1301
1402	1357
1392	1402
1384	1392
1382	1384
1379	1382
1377	1379
1371	1377
1369	1371
1364	1369
1366	1364
1321	1366
1285	1321
1501	1285
1486	1501
1436	1486
1698	1436
1644	1698
1623	1644
1497	1623
1448	1497
1461	1448
1278	1461
1208	1278
1242	1208
1592	1242
1515	1592
1360	1515
1305	1360
1295	1305
1036	1295
1291	1036
1253	1291
1173	1253
1396	1173
1294	1396
1293	1294
1290	1293
1302	1290
1356	1302
1316	1356
1296	1316
1288	1296
1245	1288
1275	1245
1517	1275
1753	1517
1733	1753
1631	1733
1601	1631
1589	1601
1500	1589
1489	1500
1468	1489
1374	1468
1362	1374
1276	1362
1450	1276
1375	1450
1284	1375
1006	1284
1286	1006
1251	1286
1156	1251
1249	1156
1178	1249
1248	1178
1163	1248
1307	1163
1331	1307
1434	1331
1438	1434
1353	1438
1503	1353
1455	1503
1484	1455
1485	1484
1590	1485
1511	1590
1432	1511
1464	1432
1483	1464
1651	1483
1381	1651
1359	1381
1325	1359
1345	1325
1505	1345
1494	1505
1460	1494
1562	1460
1611	1562
1718	1611
1624	1718
1546	1624
1506	1546
1440	1506
1490	1440
1387	1490
1553	1387
1477	1553
1343	1477
1335	1343
1333	1335
1268	1333
1261	1268
1292	1261
1340	1292
1258	1340
1287	1258
1252	1287
1428	1252
1499	1428
1386	1499
1368	1386
1349	1368
1443	1349
1243	1443
1323	1243
1222	1323
1199	1222
1263	1199
1336	1263
1281	1336
1274	1281
1247	1274
1044	1247
1160	1044
1122	1160
988	1122
1153	988
1123	1153
1204	1123
1367	1204
1365	1367
1363	1365
1361	1363
1264	1361
1228	1264
1197	1228
1185	1197
1172	1185
1280	1172
1246	1280
1445	1246
1318	1445
1271	1318
1237	1271
1233	1237
1171	1233
1220	1171
1198	1220
1272	1198
1262	1272
1355	1262
1481	1355
1327	1481
1270	1327
1317	1270
1465	1317
1370	1465
1166	1370
1320	1166
1319	1320
1230	1319
1219	1230
1449	1219
1354	1449
1338	1354
1352	1338
1351	1352
1430	1351
1239	1430
1187	1239
1341	1187
1297	1341
1202	1297
1133	1202
1259	1133
1314	1259
1238	1314
1165	1238
1149	1165
1269	1149
1315	1269
1175	1315
1229	1175
1240	1229
1344	1240
1308	1344
1311	1308
1212	1311
1211	1212
1141	1211
1196	1141
1101	1196
1184	1101
1102	1184
1037	1102
1241	1037
1158	1241
1136	1158
1167	1136
1225	1167
1232	1225
1429	1232
1358	1429
1203	1358
1186	1203
1266	1186
1177	1266
1127	1177
1119	1127
1077	1119
1140	1077
1214	1140
1131	1214
1215	1131
1216	1215
1213	1216
1227	1213
1337	1227
1226	1337
1143	1226
1206	1143
1224	1206
1089	1224
1112	1089
1190	1112
1330	1190
1309	1330
1304	1309
1329	1304
1273	1329
1267	1273
1254	1267
1182	1254
1180	1182
1234	1180
1096	1234
1087	1096
1218	1087
1132	1218
1205	1132
1183	1205
989	1183
1313	989
1250	1313
1256	1250
1193	1256
1191	1193
1181	1191
1162	1181
1176	1162
1168	1176
1098	1168
1146	1098
1194	1146
997	1194
1069	997
972	1069
961	972
1094	961
1161	1094
1144	1161
1195	1144
1137	1195
1135	1137
1139	1135
751	1139
1164	751
1121	1164
1148	1121
1409	1148
1420	1409
1298	1420
1299	1298
1255	1299
1282	1255
1022	1282
1103	1022
1260	1103
1231	1260
1223	1231
1124	1223
1138	1124
819	1138
956	819
949	956
994	949
1047	994
1188	1047
1067	1188
1210	1067
1099	1210
1128	1099
1117	1128
1115	1117
1129	1115
1110	1129
1070	1110
1085	1070
1053	1085
734	1053
1118	734
1063	1118
1078	1063
768	1078
758	768
992	758
829	992
1174	829
1073	1174
1042	1073
736	1042
827	736
1056	827
1189	1056
1116	1189
1050	1116
1104	1050
1265	1104
1152	1265
986	1152
998	986
1076	998
1090	1076
1043	1090
1049	1043
1031	1049
985	1031
1027	985
1025	1027
1209	1025
1150	1209
1011	1150
952	1011
963	952
903	963
937	903
1040	937
1169	1040
1170	1169
1159	1170
1003	1159
977	1003
1157	977
1151	1157
1075	1151
1092	1075
1120	1092
1083	1120
1068	1083
1084	1068
1134	1084
1057	1134
1066	1057
868	1066
1039	868
931	1039
909	931
1081	909
1071	1081
1033	1071
1052	1033
1095	1052
1080	1095
1023	1080
1093	1023
1021	1093
1028	1021
1221	1028
1200	1221
1086	1200
964	1086
927	964
870	927
808	870
1009	808
980	1009
933	980
984	933
1020	984
957	1020
983	957
976	983
970	976
1030	970
1207	1030
990	1207
1007	990
1154	1007
924	1154
1192	924
1201	1192
1179	1201
1045	1179
1014	1045
1012	1014
991	1012
987	991
1061	987
1004	1061
1001	1004
995	1001
954	995
1002	954
1019	1002
1008	1019
920	1008
1013	920
874	1013
928	874
910	928
884	910
912	884
1005	912
975	1005
948	975
936	948
979	936
973	979
922	973
981	922
1109	981
1108	1109
1106	1108
1155	1106
899	1155
967	899
960	967
934	960
908	934
1065	908
1100	1065
1035	1100
1051	1035
1097	1051
1018	1097
876	1018
921	876
1059	921
958	1059
1082	958
905	1082
871	905
840	871
869	840
945	869
968	945
1088	968
1048	1088
1041	1048
1034	1041
1016	1034
1145	1016
1142	1145
1046	1142
1029	1046
1026	1029
946	1026
894	946
828	894
770	828
923	770
900	923
880	900
867	880
852	867
846	852
787	846
833	787
860	833
904	860
951	904
890	951
926	890
969	926
906	969
725	906
866	725
885	866
886	885
864	886
788	864
773	788
816	773
800	816
851	800
786	851
767	786
560	767
554	560
532	554
476	532
930	476
857	930
779	857
696	779
785	696
844	785
798	844
795	798
784	795
1038	784
1010	1038
902	1010
854	902
806	854
776	806
719	776
659	719
623	659
783	623
965	783
947	965
932	947
862	932
889	862
856	889
883	856
978	883
943	978
843	943
848	843
822	848
858	822
925	858
760	925
802	760
1147	802
1113	1147
830	1113
1072	830
896	1072
1130	896
1114	1130
1079	1114
907	1079
1032	907
929	1032
913	929
944	913
1125	944
1060	1125
939	1060
1000	939
1017	1000
962	1017
953	962
935	953
877	935
940	877
996	940
959	996
982	959
950	982
942	950
879	942
918	879
892	918
855	892
818	855
815	818
820	815
835	820
710	835
1015	710
753	1015
941	753
1054	941
1091	1054
1111	1091
1441	1111
1257	1441
1235	1257
993	1235
971	993
1126	971
919	1126
837	919
763	837
755	763
745	755
955	745
1064	955
1107	1064
1105	1107
1074	1105
974	1074
1244	974
1024	1244
814	1024
703	814
801	703
748	801
687	748
622	687
804	622
875	804
702	875
723	702
1055	723
901	1055
873	901
878	873
845	878
853	845
453	853
842	453
863	842
836	863
796	836
572	796
793	572
781	793
759	781
761	759
887	761
917	887
915	917
893	915
881	893
794	881
897	794
898	897
891	898
916	891
757	916
888	757
882	888
825	882
938	825
805	938
832	805
765	832
810	765
839	810
812	839
568	812
740	568
708	740
895	708
872	895
686	872
809	686
861	809
756	861
865	756
834	865
811	834
602	811
653	602
674	653
670	674
695	670
738	695
750	738
732	750
739	732
777	739
735	777
682	735
706	682
731	706
715	731
911	715
749	911
746	749
721	746
701	721
691	701
666	691
724	666
850	724
859	850
733	859
668	733
672	668
716	672
669	716
663	669
1058	663
1062	1058
999	1062
742	999
700	742
681	700
621	681
597	621
680	597
966	680
914	966
823	914
803	823
769	803
657	769
578	657
512	578
684	512
612	684
689	612
673	689
665	673
754	665
737	754
772	737
729	772
722	729
714	722
717	714
712	717
685	712
615	685
688	615
693	688
648	693
647	648
610	647
608	610
603	608
720	603
664	720
726	664
677	726
661	677
620	661
609	620
601	609
590	601
713	590
838	713
817	838
792	817
826	792
813	826
799	813
789	799
774	789
775	774
747	775
730	747
752	730
709	752
638	709
762	638
728	762
704	728
694	704
619	694
599	619
667	599
649	667
646	649
591	646
605	591
419	605
534	419
525	534
645	525
651	645
849	651
791	849
790	791
743	790
699	743
797	699
778	797
692	778
553	692
511	553
471	511
634	471
676	634
606	676
630	606
655	630
660	655
744	660
741	744
675	741
640	675
565	640
600	565
535	600
526	535
504	526
546	504
707	546
705	707
389	705
461	389
482	461
569	482
500	569
598	500
771	598
766	771
727	766
711	727
698	711
492	698
642	492
690	642
658	690
780	658
841	780
831	841
847	831
543	847
537	543
764	537
671	764
824	671
821	824
782	821
718	782
632	718
440	632
559	440
566	559
552	566
548	552
555	548
533	555
445	533
530	445
635	530
567	635
563	567
639	563
656	639
644	656
627	644
626	627
576	626
564	576
544	564
582	544
579	582
618	579
652	618
650	652
584	650
513	584
515	513
538	515
358	538
501	358
611	501
490	611
613	490
570	613
516	570
498	516
575	498
588	575
507	588
413	507
637	413
679	637
607	679
633	607
517	633
662	517
593	662
586	593
478	586
683	478
589	683
580	589
509	580
416	509
396	416
410	396
429	410
383	429
417	383
522	417
519	522
678	519
629	678
531	629
514	531
508	514
502	508
462	502
481	462
583	481
483	583
503	483
464	503
480	464
628	480
595	628
523	595
539	523
386	539
404	386
394	404
527	394
636	527
574	636
592	574
558	592
616	558
594	616
524	594
585	524
506	585
359	506
450	359
442	450
397	442
353	397
348	353
387	348
344	387
617	344
486	617
449	486
529	449
465	529
395	465
510	395
520	510
625	520
587	625
556	587
484	556
458	484
434	458
497	434
643	497
697	643
604	697
542	604
562	542
477	562
475	477
468	475
448	468
549	448
551	549
536	551
540	536
451	540
436	451
421	436
403	421
431	403
272	431
300	272
297	300
390	297
347	390
399	347
333	399
447	333
340	447
472	340
494	472
401	494
420	401
350	420
581	350
488	581
485	488
457	485
362	457
400	362
411	400
496	411
372	496
368	372
518	368
596	518
573	596
433	573
414	433
317	414
365	317
388	365
405	388
406	405
439	406
418	439
412	418
391	412
378	391
264	378
308	264
165	308
402	165
322	402
261	322
253	261
557	253
550	557
467	550
654	467
577	654
561	577
521	561
528	521
443	528
408	443
455	408
807	455
438	807
441	438
318	441
377	318
379	377
489	379
459	489
250	459
352	250
614	352
631	614
624	631
469	624
432	469
454	432
241	454
398	241
463	398
495	463
493	495
491	493
437	491
375	437
373	375
288	373
276	288
279	276
332	279
452	332
409	452
547	409
474	547
384	474
262	384
150	262
319	150
278	319
215	278
426	215
336	426
470	336
247	470
314	247
299	314
407	299
415	407
456	415
460	456
328	460
351	328
349	351
385	349
382	385
381	382
315	381
312	315
360	312
363	360
286	363
393	286
345	393
304	345
338	304
329	338
303	329
295	303
267	295
260	267
258	260
376	258
275	376
204	275
274	204
131	274
306	131
291	306
144	291
107	144
339	107
259	339
366	259
357	366
331	357
296	331
246	296
321	246
541	321
444	541
435	444
571	435
641	571
422	641
380	422
335	380
330	335
163	330
154	163
152	154
325	152
356	325
309	356
285	309
505	285
327	505
244	327
324	244
392	324
355	392
284	355
289	284
337	289
446	337
466	446
341	466
82	341
196	82
155	196
364	155
346	364
282	346
251	282
281	251
249	281
202	249
79	202
115	79
111	115
153	111
189	153
68	189
293	68
307	293
313	307
302	313
323	302
301	323
423	301
238	423
214	238
239	214
424	239
226	424
235	226
473	235
428	473
361	428
369	361
370	369
371	370
479	371
269	479
320	269
310	320
265	310
311	265
218	311
114	218
280	114
232	280
243	232
227	243
220	227
200	227
173	200
211	173
216	211
213	216
245	213
197	245
192	197
157	192
182	157
184	182
186	184
169	186
188	169
223	188
270	223
206	270
208	206
221	208
342	221
207	342
374	207
499	374
354	499
233	354
195	233
136	195
172	136
134	172
212	134
205	212
187	205
151	187
133	151
21	133
176	21
88	176
3	176
77	3
108	151
76	108
48	76
22	48
64	22
367	64
326	367
66	326
252	66
78	252
34	78
273	367
185	367
60	185
57	60
116	57
305	116
167	305
256	167
248	256
290	248
287	290
271	287
266	271
343	266
257	343
268	257
283	268
177	283
147	177
62	147
181	62
229	181
198	229
146	198
145	146
139	145
228	139
219	228
217	219
430	217
427	430
425	427
231	425
210	231
237	210
162	237
130	162
128	130
180	128
135	180
129	162
161	129
236	161
164	236
292	164
179	292
97	292
224	97
254	224
112	254
95	112
80	95
58	80
74	58
137	74
72	137
117	72
170	117
119	170
240	119
545	240
487	545
334	487
298	334
191	298
166	191
190	166
203	190
194	203
199	194
175	203
193	175
168	193
158	168
143	175
132	203
171	166
101	191
87	101
29	240
183	29
140	183
18	140
120	18
174	120
59	174
110	59
100	110
17	100
70	17
86	70
42	86
93	42
52	93
47	52
316	47
277	316
263	316
50	263
44	50
61	44
35	61
7	35
26	61
39	26
31	39
294	31
102	294
90	102
94	90
55	94
43	55
106	43
15	106
98	15
113	98
99	113
83	99
65	83
222	65
209	222
109	209
4	109
127	4
103	127
225	103
142	225
73	142
125	73
141	125
159	141
201	159
178	201
126	178
156	141
160	156
149	160
148	149
122	149
105	122
123	160
20	125
85	20
81	85
75	81
9	75
49	85
10	49
41	10
53	41
51	53
45	51
36	45
56	36
33	56
27	33
14	27
30	45
23	30
92	23
84	92
63	84
11	84
13	23
24	85
16	39
38	47
37	38
40	37
121	40
138	121
89	138
96	89
6	96
124	121
242	124
234	242
54	234
230	242
67	230
69	121
8	37
12	38
25	70
19	25
5	19
1	170
118	1
2	118
28	58
104	134
46	104
32	46
91	258
255	260
71	255
