0, 221
3369, 220
1695, 230
61, 187
2623
619
1271
4927
613
4305
4623
1658
666
2424
312
4040
349
26
3189
39
1338
2389
4151
4532
1307
3597
4489
1927
2603
751
2253
3985
4011
3092
3145
302
1550
877
3253
3984
2111
3771
4992
743
3856
4564
2451
278
3293
409
4222
4550
686
2794
3614
2846
853
3002
1392
427
3054
5091
135
2479
3874
3153
180
3797
3076
1160
786
270
5055
920
3065
2902
2330
988
4088
3818
1153
847
543
4790
2149
2102
2095
4572
1013
1735
1791
2066
3696
440
1576
3428
4446
4789
1745
1336
2199
3048
221
995
2898
4451
4830
4794
3085
2872
2015
2822
1294
4057
4626
2801
3147
2008
4010
3782
2007
836
2790
4154
2346
3456
1737
4734
2319
272
3133
538
909
4024
3807
3714
2491
2493
3770
3766
1816
4780
1832
985
1860
5035
1031
1836
2903
4933
2784
2059
1744
796
572
1983
3920
1050
2779
2274
1090
2082
1556
976
3731
4525
75
1616
861
4771
4574
1521
2931
4751
1464
222
2716
65
4747
3449
1620
2400
4
1066
611
4336
3418
3664
109
4392
2934
3590
3891
474
931
2736
1890
2126
209
4214
3334
2805
4988
2681
399
256
1689
3871
83
911
3718
1784
1381
167
1130
1483
3225
486
3260
3423
295
2620
3154
3036
4127
2473
3258
255
929
4381
1280
4820
71
345
1937
3058
3459
2352
2339
804
1757
4148
3956
3566
1113
4006
3964
4067
2488
1334
2923
1916
4228
1453
2447
4265
3610
3223
4504
2165
461
3298
1147
1236
830
2475
3579
3591
4815
2454
4038
2578
3346
2753
1893
4643
3303
3264
3551
1400
258
687
622
1865
1507
3648
3207
617
1946
3651
3938
1651
1840
1233
2858
2835
746
3224
1667
2722
2654
2129
507
1704
1945
3976
4041
578
3617
387
4548
2380
3764
5050
823
3535
4421
2185
3677
4043
3981
4383
3477
2122
3990
5076
1730
4394
5085
4563
5002
261
4940
2191
550
2933
4578
1850
4369
828
4628
4125
3549
827
4889
4999
4679
1275
4395
2140
4199
2490
4765
443
4327
2546
2022
196
1705
2492
2067
1224
4078
1386
558
1368
999
4072
1062
3513
3284
1175
1269
2674
3135
82
322
3202
736
4271
3021
2847
3621
4871
1042
1551
4781
1206
3215
1073
2228
1499
3636
4137
2573
2393
688
992
397
3315
442
2744
4387
693
1908
2643
1358
2699
4039
3049
274
1429
5068
2624
1451
2702
3605
1681
3026
3578
594
829
4908
341
616
2174
4049
4664
251
1631
2685
2248
3479
3839
155
3059
557
4825
3564
4718
1190
4217
3411
3742
2133
914
1746
803
2382
4893
3052
2954
125
866
2311
1390
1382
5079
159
1520
3316
2667
2343
3500
3376
1425
4987
2655
2557
4611
2545
2653
1366
3951
4845
3889
1044
223
1061
943
1529
2324
3606
3533
3195
4735
2554
2526
711
4739
1864
2636
2749
4248
2286
3822
1804
199
3492
1375
4384
978
2576
4028
2523
4752
3470
479
492
3325
4053
1102
3474
2658
2335
771
3962
1184
3050
2671
4526
2220
3831
727
698
3698
1871
4684
5104
3815
1420
760
587
3025
2441
200
1282
925
1770
288
3281
4332
4162
4519
171
2004
3589
2131
4909
1604
1022
2481
1637
1815
3827
1747
556
1619
2271
3005
4708
4832
4791
3631
2637
2039
4206
5042
2881
4558
2061
2600
5017
3745
1982
4348
2542
2426
2361
3510
5112
2087
1723
2948
1293
3087
3010
787
3013
54
4860
4457
963
1394
2503
1462
554
2106
1427
3431
1807
2342
3467
3438
4743
453
1534
3435
1384
2357
3464
1526
3536
1152
1371
1416
3469
1538
1525
2951
1388
1393
4215
1076
4083
2321
2327
1265
4358
4775
2011
1759
4482
2812
2836
1548
1557
1522
1839
2601
1558
3577
4926
1071
3251
1963
3682
4171
5067
2815
3563
2723
1674
4507
3217
1713
4920
3899
684
4282
390
3627
4389
3573
2942
4543
966
1820
4847
5094
2904
4941
3228
509
3352
1189
3819
2818
3206
4113
444
1116
3361
3979
4048
402
3155
1684
621
1340
4566
62
2727
2096
4587
181
1292
146
4086
3676
1491
3143
2377
2264
4948
641
1630
4711
846
2079
800
4867
1692
1554
1306
4617
851
4103
1967
4615
4816
5037
2184
158
168
1008
190
2068
143
2074
5026
5049
1564
1563
2880
4583
4590
4463
4609
4849
5018
4861
5052
1346
2622
1154
4399
4176
4366
3705
4901
3074
2049
892
855
4284
1395
1422
3471
986
886
1537
4777
4714
1531
3452
4699
430
2300
1424
4740
4441
3020
4246
1722
2553
3619
4602
1391
1363
4081
3522
452
1162
4742
2354
4447
2928
4353
4670
2975
2310
1256
4095
2935
4855
426
3735
3900
3716
141
3166
431
73
725
4194
4698
4957
2108
4439
2960
4106
3509
657
3330
2116
515
1688
1928
2672
1257
3051
1765
1235
3426
1718
4443
177
4605
2684
147
769
1330
3067
2072
81
358
9
2391
3312
1546
4877
3179
1683
1480
3968
291
4975
3924
1456
2704
3213
3172
4879
3164
131
2782
4677
3022
3363
450
3379
2827
1798
4259
2817
596
4293
4378
2193
185
5058
433
3930
2652
3313
685
2631
1078
3188
414
3598
4141
2030
3751
2890
712
1222
3177
1350
2457
1323
3322
2670
2579
2524
1010
4280
2162
1241
1276
5011
3844
2429
1478
4935
2353
1450
1719
766
2423
4352
2245
273
1472
4411
2582
1362
1589
3810
3697
776
1263
1038
2270
4955
4288
4967
528
3660
1315
4872
4460
1489
3108
592
4022
1167
2166
1174
3186
3030
4168
2562
4136
305
14
3180
2290
4491
3475
3823
1776
4952
689
749
721
4936
612
36
3157
665
3137
1032
4859
4559
393
3317
4661
2661
4577
3601
3319
4068
2765
260
3249
4980
1433
2809
1886
1772
4712
2363
333
3257
3041
3801
4505
56
33
27
99
4560
1957
3748
3986
3196
4261
2420
283
416
4495
4076
4117
1624
2502
1611
4601
1304
2751
3211
3629
1693
1218
3392
3321
512
4429
94
2293
610
588
3165
2291
4943
347
344
4230
1699
1359
1325
30
53
4906
4034
1779
3267
2705
327
2851
3754
1781
3843
2413
1910
636
4157
60
758
4183
3365
4270
2735
1691
55
4145
4300
3218
2179
1665
2621
2842
964
4966
1897
1356
4170
377
2848
2740
4759
441
1812
4785
242
4195
2113
2997
3858
2076
5064
4668
5015
2885
445
2056
2375
3299
4178
3898
2913
4720
2048
1305
328
2262
3205
2762
628
3304
4866
4182
4281
3947
3747
4965
484
4473
173
2065
5062
4458
3545
241
604
4129
1123
3855
101
4216
1685
3882
4449
334
3974
1204
4593
3512
2752
298
3959
87
545
2602
2044
4589
1559
982
4351
1847
959
487
2010
797
2159
4223
3318
2660
5103
3150
1911
4363
1321
3904
3461
3237
1964
1194
2326
3929
3443
1528
1376
425
126
1005
2080
2517
2599
2045
1355
2610
2883
2110
3966
4863
2591
3255
582
2268
471
1731
602
1057
4464
3078
1595
2455
1780
4983
58
2167
1962
2522
3640
2569
1331
1883
4285
1065
3632
371
4326
1844
2896
2101
3699
1024
4557
78
4452
569
4467
3276
2518
4089
4393
1244
3927
1823
2682
1324
4535
34
703
1995
2615
3128
2617
4360
252
3507
404
386
3300
4529
4065
2571
500
370
4630
2676
4928
2303
4750
1019
4692
4701
5110
206
193
3715
1598
566
5097
3339
3769
2922
2532
4694
1413
3077
2103
2862
3434
1519
2301
937
1803
3820
2175
1104
380
4090
1396
5019
1566
2425
2992
5126
2355
2230
2508
104
4256
2258
1046
5092
4811
4796
5045
4885
354
3998
1029
4993
4607
946
1145
4205
2628
2483
5000
499
136
46
2020
1999
3880
3734
2374
2105
374
1142
2153
1026
2223
4025
172
1898
3393
3875
2387
4968
4833
2367
3482
4166
2314
2435
435
2800
1419
571
4696
1470
1056
3969
2719
2365
4105
4318
4321
4227
3356
5009
833
1675
4864
4494
998
904
1399
885
3427
2307
3538
872
3587
1193
4806
970
2289
4290
1329
3112
842
863
2647
1714
3516
1593
1607
3473
2379
1774
5113
4813
1542
2450
4915
3957
4817
541
3109
1701
3034
253
2135
2261
1943
3337
4027
4518
1041
1048
2767
2292
4184
346
1088
4097
3043
2683
659
4533
902
854
806
195
1733
4710
1468
2142
1136
3756
4159
2598
3277
1958
1869
3646
3138
1177
1339
3017
573
3736
4422
3570
714
3557
1947
1328
3342
3561
3550
3169
2625
4207
4776
1118
3203
3140
3129
3378
4603
4531
3933
4645
3097
1077
4232
1877
2675
4678
1266
2668
4595
3292
3611
3669
1444
4132
748
1310
802
4123
437
625
3760
398
1501
3259
4947
3146
996
4066
1697
2052
1822
4370
1881
1632
2686
3398
1436
2626
2572
463
338
1679
1438
2478
2690
953
4408
4931
4904
635
2381
5072
3679
2279
3877
1828
3896
2816
4087
179
4900
3163
215
4827
210
2028
1621
1383
2332
1361
3476
1228
3486
845
2972
553
178
1264
1
849
1176
2348
1069
4728
3833
972
692
332
1197
3063
170
2541
2397
873
3946
4756
201
1539
2009
3595
511
3042
961
4727
3484
2515
2084
2552
2921
4766
1367
1518
3515
1541
4757
3963
1317
4538
3847
2302
989
44
4514
1137
3556
3565
1484
382
4894
4307
1345
3671
13
4619
1226
4301
4964
69
700
3269
1811
5054
2018
4444
2986
22
4180
1649
4181
945
947
2953
489
4175
4247
1471
4515
309
1082
4561
1599
230
785
869
5060
1389
2242
1155
2466
1249
4610
2053
3442
2313
423
1588
1990
5031
1738
1648
1476
3320
4556
211
1717
3289
539
1913
2651
3191
1540
3529
3728
3729
2057
5122
4361
5010
2990
3870
2071
3495
3813
77
4949
2120
719
32
233
4459
2390
3655
894
2202
1601
1034
2206
4268
4220
364
4073
1500
4824
76
1374
4328
1959
2680
2229
3876
369
368
2433
394
367
3634
2639
2884
25
2852
446
2265
3016
1933
3161
70
1435
1782
633
2837
4297
93
3326
4428
2778
505
3616
3958
669
1768
244
2276
1955
2421
3923
79
4760
1752
1906
2830
2322
3015
3200
4973
1296
2169
1777
2632
1921
2394
3168
1112
1866
3404
3417
3922
860
330
2329
933
148
5071
2666
4122
438
4155
779
4599
857
3038
1597
4465
548
3834
1552
3787
1536
2964
874
560
4368
2971
2281
2770
3811
5117
4671
3872
166
1895
690
4249
2278
4240
174
2558
1515
3613
1099
1109
4357
4697
5065
3192
5029
3184
670
4163
385
1219
691
3773
3575
3371
2649
2657
2269
3988
1125
1060
4485
3238
262
3518
1272
1423
1838
4056
4662
2741
3641
72
2434
634
2238
4294
676
4972
4773
4829
2820
3925
4748
1570
3170
1532
1789
2595
2607
3081
2673
127
2062
1966
4784
4142
271
3596
4295
2734
1309
2132
4075
969
983
4475
257
1096
3673
2418
4058
225
1333
1671
1669
2724
6
1680
4190
3574
89
1513
4146
4060
3662
1314
4262
930
2691
1973
3895
4373
1159
3481
237
3965
1295
2520
4396
962
4809
3000
1183
935
4918
3372
4160
3437
2465
4359
3006
896
673
4008
608
2750
381
315
3860
4998
4312
400
3582
2831
4135
3031
3240
2498
2662
3600
1755
4954
1876
4524
235
899
3445
2331
2963
3072
2878
2974
2888
2979
4110
5088
3732
2889
1814
3903
3799
130
928
1364
3504
912
1569
951
3439
2340
3521
884
3436
3447
3455
2001
1377
4126
532
4690
2364
186
5124
1996
533
3838
234
4580
4469
2359
2336
1173
2605
4355
4362
2247
1516
1800
3711
1221
1316
1857
1582
2664
1302
2901
3103
1561
4374
1086
124
4520
2385
1011
2937
1795
2297
4573
3727
5108
187
5080
783
774
1821
3793
3390
2207
2480
4650
1107
2415
2404
523
1352
1786
3991
4665
2551
2406
2114
2209
3234
4910
2560
1211
1101
2725
4050
1196
3306
5
1743
459
577
250
4213
581
4657
2826
3446
202
2388
2211
1640
2701
647
585
4032
1229
3750
5001
3209
1831
1818
2239
3348
1517
1783
654
2416
4219
4693
2064
2956
4354
4112
4567
1581
3937
3730
3174
3003
984
4703
1981
2915
2489
422
1802
3800
4606
3796
1535
2081
226
3693
2761
1775
1887
1549
1407
4723
3791
2742
2593
2083
4848
2006
4691
2318
3916
1853
2500
2510
2995
3762
1702
2462
4516
2201
525
323
1188
4838
1975
2608
645
2535
2219
576
1771
626
4616
220
1861
1121
2243
16
1961
2272
1940
1474
4107
4709
2590
1948
4523
3961
3460
1270
2870
1980
4283
1481
421
403
4726
1151
3517
4158
825
1761
1606
4704
2073
938
551
3841
1709
2793
2980
150
939
319
3821
3914
4241
4862
3850
3301
3491
2900
240
1969
1565
643
1285
1587
697
879
3543
2034
1825
1794
3494
5023
4054
4185
3263
2016
2768
858
3884
4527
4375
2606
4549
4996
2198
480
4539
1862
835
1035
1977
4632
820
710
3608
1178
826
3848
2040
4851
2772
2047
3090
1209
5087
67
2267
1837
2788
1025
1009
3534
2969
5095
1108
696
3733
2119
3094
4130
2448
924
184
2282
4173
1360
4436
2927
1622
2773
1591
1742
4695
3530
5073
728
765
832
1003
3941
4120
313
898
1370
981
1080
4929
4252
3176
1052
3940
3953
887
268
1953
2756
1440
300
906
2906
2905
1740
936
2341
2509
1182
4474
299
2146
436
5024
811
3053
1134
7
3232
3849
1191
2308
3450
2984
2687
2430
2930
20
4203
2409
3758
2925
2977
4810
3266
653
3713
1716
3881
3432
3869
3739
3753
4639
3622
584
731
98
2698
1318
2527
1498
2183
3159
3310
1434
4030
485
488
362
1466
4108
3416
2210
4177
4509
2405
3415
1889
3403
192
1260
2804
3983
1482
2275
2194
2477
3784
2444
2786
207
2895
2112
1614
4512
2868
2869
5116
3429
3702
1045
967
2999
2014
5069
151
3854
2017
379
629
4944
4267
1938
1093
356
318
3185
3226
1021
139
5028
2134
2025
4455
3722
812
2771
2089
455
1904
3396
3222
784
561
3066
1575
4852
2962
718
4243
2894
3466
1817
2802
4779
5008
4569
3908
2344
4427
280
2484
1602
4071
3812
1103
3229
3244
3413
4341
4479
2383
464
4337
4200
1915
1950
4625
4187
4279
2235
277
2556
1650
2437
3653
3752
2549
4314
2151
2233
2257
607
4023
1054
111
115
259
410
2604
2099
1234
589
2241
957
4793
683
3408
2026
4114
4419
4638
3670
2137
513
3139
2726
4416
1220
1514
329
4221
4782
4161
1067
4570
2038
1579
4584
3555
2299
708
3936
3776
3892
293
5006
897
4239
762
1615
1210
2989
4437
18
4347
4902
1900
4402
1223
243
3204
3198
1971
1138
2548
4343
491
2461
1298
1100
2642
4716
4080
2916
4713
1734
4568
5107
3806
3879
128
2689
5061
3888
4448
2677
2776
799
2993
2874
3069
1841
3430
3389
623
3287
2877
4079
1016
2148
48
574
249
4801
3235
1225
4914
524
3552
663
2838
2212
3594
4956
4364
3324
4253
1924
2783
1655
3009
4420
4133
4888
1905
4654
2419
2966
4582
4730
2088
1596
2769
1833
870
1992
2641
4274
3580
1439
4493
1457
1750
3571
2237
1443
3014
4890
2027
4005
734
1760
2186
1311
1342
3173
3118
3116
2810
2715
2138
4897
28
3992
2349
407
2141
4021
2298
1523
307
3738
470
3433
1721
1724
3835
549
4592
4586
3007
3893
149
4109
236
2695
163
4772
4588
2939
2373
3700
952
4116
5032
4453
4961
3102
2315
2371
1792
2796
2156
3987
559
1281
212
1819
4675
2054
3068
2252
4656
4322
3942
218
876
460
2665
1373
189
1612
2866
3472
2539
1888
1335
2145
1165
3499
4707
2781
844
4764
37
4244
1454
3626
121
1259
4912
4269
2635
3478
3691
4892
1686
2104
1158
3488
3045
4959
1332
518
4147
974
2428
1907
4029
4883
4644
1214
3615
575
3119
4917
3659
2411
2240
754
3414
3982
498
102
1344
504
2561
3680
4660
4150
4874
2398
1892
1952
4925
197
2947
3148
4774
4152
2505
3106
4342
3141
2246
1240
3358
1053
1654
4620
5039
4186
2507
2629
2721
3743
4033
3399
4745
768
2023
3890
2529
3765
2538
965
817
2780
3406
4732
2504
352
3463
1790
5056
133
5013
1919
840
4576
4795
2791
2469
1248
4674
5099
5084
2792
2799
3046
4880
3344
2737
2215
1643
4994
724
3774
1856
4242
4634
4496
2408
4330
4492
2431
3032
1732
3723
3062
1195
1465
4837
3684
1239
1700
1796
4721
1437
1446
1754
4092
1592
3546
2959
3852
2251
4613
4807
1988
4706
4868
1813
2024
4390
1998
883
3149
2407
2453
4169
3219
3230
1231
1891
4946
3645
3665
4324
563
3349
1703
1385
2396
5033
1278
790
1000
4138
2729
990
3409
1426
3501
1365
4746
878
4758
3867
4597
3706
778
3498
918
5063
2372
1727
3562
3388
3527
1403
1251
4841
2616
4020
1872
1855
2706
2531
493
4167
3105
3973
1114
4755
3350
3187
4009
2130
41
4315
4398
1132
10
3592
1139
3027
4655
51
3126
3104
4055
4052
2109
2583
1638
3029
1081
3674
4498
2117
2825
4263
1571
4442
680
5004
3314
308
2147
3131
3127
1033
3658
3394
3214
2832
1925
3781
3250
3657
3242
3603
3327
4070
3343
4804
4367
1629
2777
1585
3082
335
3863
105
1610
198
781
40
2766
4903
339
763
2474
2485
1662
4596
971
679
506
1769
1682
3023
1506
4508
4412
3737
4869
4017
3637
1083
3767
1490
3901
926
2333
3448
1530
2021
4842
2003
1547
1369
1379
4770
336
1207
2912
4856
4468
1989
129
5077
4091
2861
1805
1283
1301
4700
4376
3919
3089
2443
2445
805
2499
475
183
120
351
638
3353
2306
3532
4826
1851
4344
1939
3980
1555
326
1105
1639
1124
3286
4311
3609
675
4289
4786
4865
1064
4319
1216
2177
1131
3424
1353
1455
1079
3581
4417
3607
3931
45
2338
4401
650
4356
439
490
4653
1230
290
4511
3152
2170
3999
52
3210
8
4037
3243
3568
3489
86
4490
1091
3569
3586
3667
503
483
4189
405
263
4886
3256
4409
955
4528
3333
3033
4581
1337
1111
3977
3130
4414
3122
3749
68
366
1568
2386
3526
794
4598
4317
4658
2136
1068
3584
2998
224
3107
605
95
1320
97
1180
4974
246
4440
5003
103
1039
4077
3873
2350
2656
2981
2940
868
4413
3935
112
2733
3370
3199
917
4291
4930
2092
3125
2528
49
3560
85
24
2115
1055
865
3345
4950
2121
5109
3803
834
2882
3274
1262
4510
4835
3829
1181
2366
3785
3663
384
529
2190
3024
1659
3386
564
1751
944
4164
1445
1756
702
1949
4093
2181
901
1412
4799
2090
2688
3804
5025
2356
1122
816
3086
852
4571
1749
867
813
789
4839
1001
1004
3037
3451
4802
3909
4831
2987
3444
5016
1715
4953
1875
3777
5020
4102
4208
2168
658
3307
4131
3650
2378
2501
4019
642
269
4405
3778
4047
1787
4963
2259
3387
2570
4287
2464
2401
3291
2550
4391
3385
527
1212
4579
598
1199
19
2196
4547
4193
4014
1141
1778
1085
1657
661
457
600
565
1074
3383
3381
3028
31
1917
570
667
4323
340
106
4231
3231
4003
2534
4277
4878
2216
1676
4257
1553
321
2180
3288
1931
4423
1043
5118
1020
4977
4608
1567
2886
3826
4470
3520
1618
1739
2005
1633
325
502
4960
5119
3485
1574
2867
871
2909
2926
1348
4984
2978
2100
2798
3008
810
1133
514
1115
958
4981
2222
4989
3190
2124
3151
1027
3060
2694
1493
4958
4647
2075
2058
2803
923
4844
4462
900
1985
552
1826
3865
1106
3355
2760
2094
1972
2161
4840
1929
88
310
2506
2446
216
175
4612
4858
987
848
4828
3091
2287
908
2496
4371
1487
2029
2996
3894
301
2091
2875
2876
454
29
477
2376
3088
2976
1741
2263
3638
4365
595
1951
4225
4501
1479
752
4715
2225
4245
3763
4725
3440
4386
1509
2160
311
1192
4484
2227
4320
4064
3643
1496
4731
2887
3912
3975
814
4822
780
1808
4562
3421
4911
4316
2150
3412
1902
3816
204
772
2789
57
2696
4545
3373
4278
4939
2402
3019
2567
3926
3397
546
4331
2244
4544
3271
1503
1354
2630
2482
4907
3666
2640
4669
447
2395
1670
652
418
4503
3101
1092
4026
1075
3917
3351
3830
1157
4379
4896
1560
2197
1254
1267
2678
4552
343
2317
1763
2717
695
704
415
3542
4724
3576
4629
3599
1884
3508
2839
254
2440
1205
2439
3247
2823
4276
2564
3425
2144
1492
1129
285
481
3993
3114
4624
1672
2840
289
716
4272
2304
2182
678
3047
1163
3497
428
4749
3583
4338
3572
2797
1660
4836
2795
862
3825
775
4275
747
4224
1458
1128
5081
3537
1117
522
4156
4062
4502
3362
3588
3525
3490
337
3364
726
2249
3221
1785
1859
4250
3156
1773
640
3685
3245
2850
3649
4985
744
520
1148
4951
1497
3502
1644
3099
4913
4165
2899
2891
3012
5078
2486
4843
1573
1934
994
2544
1878
1146
699
4762
4729
497
630
3945
1608
137
1246
3487
3948
4689
1161
2295
1094
1997
547
3989
3182
4433
579
1459
1164
3746
4792
3283
4204
2254
363
2638
4803
3915
4397
3624
1072
360
4202
2829
741
639
1661
2955
4798
1007
4962
567
1706
542
3805
4471
4069
1728
2859
1698
232
2041
4350
1448
2456
2495
510
3405
4431
1237
3384
1171
2540
3887
1617
875
2362
2288
3559
3302
1144
4124
3761
2669
4430
4631
495
4881
535
4153
1308
63
516
4403
4237
494
720
401
2743
1431
4575
420
2127
3121
3675
4191
3681
2645
472
3305
1843
4551
4659
4922
1227
2232
1202
3338
4744
4404
4517
4201
1015
182
157
2118
1215
388
2596
4976
3280
649
419
916
3688
3457
4426
154
138
2093
793
1666
593
759
1726
1049
1477
3994
3483
3453
3741
160
228
219
4101
3726
788
3519
1414
2929
1627
4119
4717
3789
2000
231
3840
3725
4673
3704
1380
4971
2952
164
2917
1533
980
1986
2710
2807
761
3115
3548
1854
2224
662
1720
4686
5036
142
1268
915
3744
3553
4600
3798
4035
4094
4385
1578
1834
4682
4488
4565
798
1762
1028
1625
1245
3197
408
3740
2139
2217
3407
282
3623
1058
466
742
2932
5102
2586
4997
2754
1753
2893
4553
3083
1827
2774
2968
1037
1987
4555
4978
2808
2203
2273
1243
3928
2458
3687
615
3084
1475
3323
4486
4916
4304
3368
2412
648
1863
3254
3278
3239
4266
2234
1449
5005
2732
3539
1527
3347
591
406
3136
738
4554
1135
4921
2125
2718
1095
4761
4733
2305
2442
2013
5040
5057
1297
3635
456
646
3422
733
2819
4251
599
412
391
4646
750
4143
2285
1894
4753
1460
3236
1600
96
107
4497
264
15
3273
3656
2410
4013
2476
3279
4235
809
3720
4115
3809
1273
4059
3932
3167
979
4736
122
3493
3859
3868
3786
4121
314
2334
2032
2897
4456
3719
1357
5100
3162
5105
1809
1253
4388
1291
1609
767
1405
3694
2043
1274
2035
2908
2911
5044
1848
3911
3528
476
1710
2077
2063
1626
1603
2347
4000
3918
1867
448
3795
3836
5111
4074
5075
5053
4530
4536
555
4854
3201
1580
4685
880
3853
2659
2284
3524
1238
4982
1023
2078
4118
2463
3772
3233
2033
3832
4012
1502
4434
3123
2806
4642
3331
919
993
3468
2711
637
4622
3359
2107
3954
165
2692
837
732
3997
3270
745
2226
2438
2256
2417
1187
417
1430
1912
4681
4134
331
3171
3628
3620
1312
682
2967
4995
1885
2845
4100
2863
1797
839
3724
568
4461
3897
2614
3328
1017
2763
1047
3864
4614
2855
2857
2650
2644
4738
562
942
468
3971
4537
997
1398
1829
2970
1408
1801
1378
651
4800
818
4846
191
2864
5059
1397
1404
2907
4377
843
3
2205
3095
4372
3410
1868
1584
361
1846
2255
265
1051
114
59
531
3943
462
4676
110
508
905
5096
2611
709
4329
1018
100
5066
5043
2785
3802
4899
3096
1920
730
2824
5007
3883
1882
2879
1006
4788
4179
1577
4812
1401
3531
4542
2189
2236
2163
432
1300
238
5089
5090
4472
239
2787
208
4986
2991
176
792
473
21
4481
4478
3297
3567
4085
4082
2154
2519
1572
1922
1930
3661
42
3400
2403
4340
4424
4310
677
1696
526
2843
609
3618
2559
84
664
672
3329
3113
38
1341
324
601
4400
4098
3775
1944
4211
4192
2533
316
4945
2853
3018
2828
3652
50
4663
153
383
3952
2941
922
80
1411
534
1960
941
1495
1835
2709
3644
350
4924
4292
4970
2213
620
2834
4882
3395
4783
4210
757
1711
2755
3246
451
1635
740
292
948
540
881
890
3441
4084
1169
3454
1250
3902
895
3336
2594
2592
1313
1652
74
694
1590
3178
3949
2432
2422
674
3633
2208
4045
618
287
3780
1087
2143
1485
1936
4188
4637
3757
1677
2427
706
2294
4476
2712
4546
4308
1126
4260
4149
4990
4212
2543
2720
2172
1562
3703
4046
2176
3124
2157
2841
586
1258
3955
1845
5101
4483
2581
4923
927
1089
4140
2618
4898
478
1287
2452
3647
1428
348
359
353
1232
2945
4627
3340
294
3183
3939
1322
1668
1140
1646
4534
603
92
11
392
17
4325
3004
838
1279
2924
3878
5093
2865
764
3794
2918
4722
169
631
4445
1712
537
2871
3845
2764
188
1901
320
194
3814
1874
1849
2472
1914
4229
2713
4018
4870
627
644
791
2973
227
2494
4042
3934
2892
373
3788
3505
3514
1623
2856
4333
482
1725
2414
2312
2634
2646
4335
91
3268
4236
2950
3585
4741
4969
3098
4334
2200
4640
4407
4754
342
1594
3070
1200
2511
4406
4174
3064
795
968
3061
134
4466
3906
1605
4585
2693
3056
2097
1150
2164
1277
807
4767
1830
4808
2537
1288
2260
2714
2697
4876
3275
4979
1252
2368
4937
3360
43
755
1505
2123
1494
3181
3686
3142
3212
3194
1343
3465
580
1663
501
3374
2731
1166
888
2098
977
973
4234
4500
1788
2128
2747
3654
893
5121
152
429
3035
1261
2961
2497
3073
2002
4007
2155
1687
2171
266
4506
1319
2648
3216
2813
3995
4942
144
3910
1935
2584
3311
3296
715
907
2536
4016
267
2214
660
3721
4719
2988
3294
3290
1634
3544
3709
1842
1242
2983
3261
1461
4410
1172
819
4450
3554
1299
3701
1409
2296
4286
2854
2525
375
1642
2283
2173
2585
3612
66
2459
1766
4635
2231
4934
4044
4688
2266
3866
1203
2392
2436
2849
2250
3366
365
1664
3110
2700
4891
2703
248
4991
5120
1120
2204
1084
723
606
4435
303
2663
2360
2051
4618
4099
1656
4768
117
3480
2309
4604
1880
3707
5125
5098
1976
162
910
3783
3496
1402
773
123
2943
3861
3144
1636
1327
2345
2938
1418
1410
4778
2358
536
2070
3080
1170
2730
2707
3689
2739
2746
4873
1469
1641
2958
681
2530
2627
3708
3391
1441
2337
2748
1488
2745
1349
2612
4172
3690
1748
1149
1143
467
3285
4477
1932
1810
4521
2086
1799
5074
770
1290
3462
2944
2873
2775
3842
4702
5070
1415
3401
3055
2679
2351
296
517
3885
1926
4209
3683
4415
3972
4051
850
3120
4680
2384
2060
1793
808
2514
2323
891
3132
357
735
1673
1586
777
2152
2468
739
3558
4818
145
2399
2811
229
2555
597
1708
614
2597
205
3506
5047
5041
1653
4096
932
3759
1968
2814
3419
1873
4905
4769
1645
1767
286
2588
2587
801
3208
4641
2574
4932
64
1186
717
4144
3332
2192
90
116
2919
1899
413
1941
378
4302
306
4197
3160
1852
3755
2460
4299
1512
2470
1678
3262
4313
3642
275
1918
1942
1442
3944
2471
2589
1217
1119
4002
3341
376
2833
4633
4667
1870
1510
1504
4264
3252
389
1127
722
4226
4895
1954
729
2821
4636
707
1690
2277
705
3375
4296
1508
1347
3295
1467
496
1764
2563
1473
4031
372
411
3111
737
4258
1063
3265
3175
2728
3593
1736
991
245
1896
1303
2195
1806
4857
4834
4805
2920
2055
2320
3503
889
824
2985
3100
960
1201
4541
1156
4787
954
821
3824
1284
4540
3602
5012
822
5046
2050
3692
2069
1406
424
4382
632
203
4591
469
2046
5114
5106
1179
2547
1014
856
3717
2860
5021
1543
4380
4111
3712
1012
1286
4594
1613
3817
2982
2036
2759
132
3540
1002
1984
1707
5048
214
3511
4438
934
2158
782
841
2914
2957
2085
831
4823
2758
1978
3779
1247
1991
5082
624
1524
3792
1974
2949
1993
5014
5051
3886
5127
4853
671
3039
213
1289
3828
3837
2042
5027
3547
2037
3001
5034
1729
2946
4004
395
5030
2031
3282
4797
4814
465
3967
1965
4346
913
3710
449
701
3625
3695
2566
655
3134
3079
2609
656
3248
3851
1255
2325
5123
1879
3978
2580
276
1583
1486
4198
1909
1694
4001
3790
2512
458
4683
279
3996
1994
3907
2487
949
1970
3377
3272
1647
4418
2218
118
3241
2619
1098
4763
434
1168
3458
2
3380
4884
3523
3382
956
1185
4104
2516
3011
4672
3354
2370
3846
5083
3220
544
1326
2613
35
2577
756
1923
4015
4652
1432
1511
1628
4513
4273
1198
3857
2910
304
4821
3970
3905
1824
975
1040
247
2328
3040
1030
3057
882
3768
1979
2316
1858
4218
3227
4238
2467
713
3420
2187
2513
2188
5115
2019
5086
3309
4737
108
521
2708
3093
2521
5038
4875
281
3950
3921
3075
1758
4309
2575
4061
3639
2221
4036
4425
4196
4649
1447
1070
1110
1463
3630
47
4919
2178
2565
519
3678
2633
1097
4339
3668
4621
3367
2280
284
4306
12
3672
4139
668
3357
4303
4233
583
859
4499
2844
4651
4432
3960
1452
4254
753
3335
1059
4887
4480
355
3402
1351
1956
3117
590
2568
3308
1213
921
1417
1421
2965
940
3541
530
815
2012
140
119
4345
4128
1372
4666
3604
4063
4298
950
3913
1208
3071
1387
1544
4850
5022
4454
2369
903
217
1036
2936
3808
864
2994
156
3193
1545
161
3044
4705
4487
2449
4938
4522
4349
1903
396
3158
297
2738
113
23
4255
317
4648
3862
4819
4687
2757
