Cell	Parent
0	-1
28	0
58	0
68	0
80	0
95	0
97	0
112	0
224	0
254	0
292	0
293	0
299	0
307	0
313	0
383	0
407	0
415	0
417	0
436	0
534	0
605	0
682	0
694	0
695	0
704	0
728	0
738	0
757	0
765	0
794	0
832	0
882	0
888	0
891	0
897	0
898	0
922	0
973	0
981	0
1003	0
1068	0
1080	0
1095	0
1137	0
1159	0
1166	0
1170	0
1182	0
1370	0
1465	0
1523	0
1732	0
1788	0
1853	0
1884	0
1885	0
1925	0
2098	0
2125	0
2128	0
2136	0
2141	0
2146	0
2323	0
2349	0
2408	0
2417	0
2500	0
2510	0
2717	0
2733	0
2832	0
2839	0
2845	0
2941	0
2952	0
2967	0
2995	0
2998	0
3008	0
3032	0
3080	0
3107	0
3167	0
3184	0
3369	0
3460	0
3485	0
3508	0
3517	0
3526	0
3553	0
3584	0
3635	0
3654	0
3684	0
3723	0
3826	0
3916	0
3941	0
3952	0
3961	0
4021	0
4100	0
4120	0
4158	0
4163	0
4210	0
4234	0
4239	0
4330	0
4373	0
4461	0
4474	0
4487	0
4492	0
4500	0
4523	0
4658	0
4697	0
4705	0
4837	0
4995	0
5006	0
5029	0
5057	0
343	28
391	28
412	28
419	28
439	28
584	28
599	28
650	28
670	28
706	28
916	28
1052	28
1096	28
1120	28
1135	28
1319	28
1320	28
1485	28
1511	28
1568	28
1590	28
1677	28
1763	28
1936	28
2137	28
2143	28
2204	28
2224	28
2256	28
2317	28
2418	28
2427	28
2431	28
2439	28
2440	28
2564	28
2718	28
2731	28
2823	28
3122	28
3124	28
3132	28
3136	28
3176	28
3178	28
3199	28
3214	28
3247	28
3370	28
3394	28
3599	28
3658	28
3667	28
3670	28
3757	28
3935	28
3940	28
3992	28
4058	28
4134	28
4188	28
4356	28
4413	28
4419	28
4496	28
4503	28
4506	28
4554	28
4637	28
4638	28
4681	28
4897	28
4921	28
4929	28
4930	28
7	58
44	58
61	58
74	58
406	58
579	58
582	58
619	58
723	58
751	58
756	58
865	58
989	58
1055	58
1075	58
1084	58
1092	58
1134	58
1144	58
1195	58
1313	58
1317	58
1595	58
1652	58
1656	58
1780	58
1923	58
2167	58
2181	58
2455	58
2592	58
2614	58
2623	58
3053	58
3062	58
3182	58
3189	58
3192	58
3302	58
3556	58
3565	58
3653	58
3663	58
3752	58
3768	58
3781	58
4015	58
4433	58
4514	58
4623	58
4782	58
4863	58
4931	58
4983	58
153	68
189	68
331	68
357	68
366	68
456	68
522	68
735	68
810	68
1133	68
1187	68
1202	68
1297	68
1312	68
1411	68
1574	68
1612	68
1633	68
1700	68
1739	68
1926	68
2005	68
2201	68
2384	68
2386	68
2799	68
2866	68
2867	68
2966	68
3120	68
3338	68
3422	68
3628	68
3749	68
4516	68
4582	68
4680	68
4733	68
4761	68
4960	68
5040	68
3576	80
5065	80
1180	95
24	97
85	97
421	97
674	97
708	97
740	97
868	97
1083	97
1151	97
1254	97
1687	97
2092	97
2155	97
2316	97
2432	97
2476	97
2656	97
2678	97
2707	97
2730	97
2925	97
2930	97
2940	97
2981	97
3101	97
3125	97
3266	97
3279	97
3351	97
3374	97
3560	97
3637	97
3720	97
3737	97
3767	97
3776	97
3786	97
3830	97
3873	97
3932	97
3936	97
3949	97
4017	97
4026	97
4059	97
4115	97
4121	97
4440	97
4726	97
4810	97
4869	97
4896	97
5003	97
418	112
1132	112
1205	112
1219	112
1230	112
2170	112
2438	112
2549	112
3592	112
3774	112
4251	112
4314	112
4315	112
4639	112
4907	112
4927	112
2299	224
3163	224
16	254
50	254
385	254
503	254
591	254
1183	254
1695	254
2419	254
2437	254
3542	254
4629	254
164	292
179	292
247	292
451	292
540	292
568	292
881	292
893	292
948	292
975	292
977	292
1157	292
1169	292
1250	292
1567	292
1635	292
1636	292
1711	292
1797	292
2070	292
2279	292
2298	292
2328	292
2341	292
2358	292
2509	292
2863	292
3040	292
3044	292
3057	292
3144	292
3246	292
3454	292
3481	292
3704	292
3724	292
3744	292
3877	292
3892	292
3897	292
3917	292
4317	292
4379	292
4470	292
4598	292
4608	292
4686	292
4971	292
4974	292
5024	292
5072	292
839	293
2886	293
3055	293
3520	293
3530	293
3555	293
3738	293
3798	293
3861	293
3895	293
4600	293
5073	293
314	299
403	299
895	299
1481	299
1979	299
2115	299
2350	299
2430	299
2816	299
2938	299
4087	299
4283	299
215	307
525	307
805	307
811	307
825	307
962	307
1270	307
1702	307
1761	307
1828	307
2381	307
2462	307
2499	307
3679	307
3762	307
3829	307
3896	307
3963	307
4000	307
4130	307
4900	307
18	313
302	313
328	313
635	313
645	313
762	313
877	313
953	313
1017	313
1067	313
1615	313
1948	313
1961	313
2253	313
2302	313
2608	313
2955	313
3145	313
3253	313
3328	313
3353	313
3847	313
4011	313
4161	313
4187	313
4279	313
4357	313
4396	313
4408	313
4538	313
4709	313
4809	313
152	383
296	383
429	383
662	383
808	383
917	383
1023	383
1720	383
1793	383
2013	383
2060	383
2078	383
2351	383
2514	383
2539	383
2747	383
2755	383
2798	383
2926	383
3046	383
3171	383
3620	383
3683	383
3688	383
3885	383
4209	383
4252	383
4730	383
4912	383
4982	383
4984	383
5119	383
26	415
316	415
349	415
483	415
638	415
646	415
850	415
1430	415
1650	415
1912	415
1940	415
1950	415
1960	415
2235	415
2556	415
2603	415
2819	415
3347	415
3539	415
4724	415
4744	415
4919	415
47	417
514	417
921	417
941	417
3335	417
3630	417
3652	417
3972	417
4023	417
4139	417
4415	417
4663	417
4783	417
906	436
1327	436
2032	436
2334	436
3441	436
3902	436
4778	436
460	534
876	534
1109	534
1117	534
1239	534
1437	534
1446	534
1458	534
2119	534
2792	534
3094	534
4238	534
4721	534
259	682
410	682
750	682
777	682
887	682
979	682
1380	682
1888	682
2152	682
2468	682
2917	682
3953	682
4291	682
4736	682
1716	694
1824	694
2591	694
2594	694
2607	694
3881	694
4510	694
351	728
1305	728
1796	728
2306	728
2533	728
2565	728
4329	728
3243	738
237	765
3965	765
4668	765
148	794
812	794
933	794
1357	794
1989	794
3007	794
3719	794
3722	794
3791	794
4035	794
4468	794
4673	794
4856	794
445	832
2048	832
2056	832
2262	832
2375	832
2688	832
4720	832
5015	832
5064	832
3212	973
3868	973
4084	973
3355	981
4436	981
3210	1080
4037	1080
4156	1080
1271	1137
2726	1137
4991	1137
236	1170
536	1170
890	1170
936	1170
2345	1170
2679	1170
2897	1170
3859	1170
4093	1465
336	1523
470	1523
549	1523
551	1523
938	1523
3841	1523
4074	1523
5077	1523
602	1732
1057	1732
2121	1732
5121	2098
3216	2125
653	2146
1273	2146
3809	2146
980	2323
1533	2323
2100	2323
2442	2323
2593	2323
2665	2323
3472	2323
4880	2323
649	2417
733	2417
2828	2417
3018	2417
3250	2417
4409	2417
2486	2510
323	2995
1188	2995
1606	2995
1703	2995
1975	2995
2445	2995
2535	2995
2729	2995
2965	2995
3971	2995
4437	2995
3849	2998
1030	3080
3142	3167
3689	3167
4013	3167
4412	3167
4508	3167
3753	3184
4604	3460
4799	3460
1373	3485
2318	3485
2927	3485
4695	3485
5028	3553
915	3654
1673	3654
2305	3654
1431	3684
35	3723
3255	3723
3713	3723
3966	3723
3913	3826
4584	3826
4827	3826
4838	3826
1295	3916
2978	3916
4691	3916
5071	3916
1207	4100
2366	4158
3078	4158
3336	4158
666	4163
935	4163
4221	4163
4654	4163
4918	4163
5096	4239
2861	4373
901	4523
3761	4523
4099	4523
49	343
225	343
257	343
266	343
297	343
501	343
513	343
580	343
1033	343
1039	343
1087	343
1333	343
1432	343
1506	343
1663	343
1669	343
1671	343
2099	343
2171	343
2410	343
2422	343
2528	343
2648	343
2738	343
2813	343
3127	343
3158	343
3656	343
3673	343
3686	343
3758	343
4003	343
4235	343
4552	343
4634	343
10	391
15	391
41	391
287	391
378	391
490	391
652	391
731	391
1139	391
1494	391
1856	391
2130	391
3131	391
3152	391
3181	391
3273	391
3569	391
3622	391
3666	391
3780	391
4009	391
4242	391
4398	391
4511	391
4646	391
248	412
271	412
290	412
618	412
691	412
715	412
1484	412
3139	412
3187	412
3196	412
3350	412
3577	412
3596	412
3773	412
4045	412
4295	412
4416	412
4652	412
4653	412
4894	412
5120	412
8	419
93	419
1054	419
1091	419
2232	419
3489	419
3568	419
4276	419
4414	419
98	439
113	439
613	439
745	439
1658	439
2151	439
2226	439
2640	439
3027	439
3296	439
4307	439
4401	439
4659	439
4888	439
1218	584
1505	584
1670	584
1693	584
2157	584
2176	584
2338	584
2395	584
2734	584
3023	584
4197	584
4261	584
4655	584
4784	584
39	599
263	599
382	599
667	599
3586	599
3999	599
4305	599
347	650
390	650
1688	650
3627	650
3899	650
4142	650
4282	650
4389	650
4936	650
3559	670
732	706
1571	706
1682	706
2294	706
2543	706
2841	706
3123	706
3231	706
4231	706
4263	706
4497	706
517	916
1854	916
2138	916
3425	916
2604	1052
246	1096
268	1096
396	1096
589	1096
993	1096
1234	1096
1343	1096
2724	1096
3468	1096
3548	1096
3558	1096
3995	1096
4114	1096
4442	1096
4475	1096
809	1120
2208	1120
2391	1120
3633	1120
4077	1120
37	1568
607	1568
1348	1568
1894	1568
2276	1568
4143	1568
4297	1568
340	1677
264	2137
4046	2137
209	2204
611	2204
1066	2204
2126	2204
2400	2204
3590	2204
3664	2204
3986	2204
4214	2204
4336	2204
4903	2224
52	2256
1337	2256
1843	2256
2123	2256
3256	2256
3270	2256
3395	2256
3657	2256
4260	2256
4323	2256
4551	2256
4922	2256
5005	2256
1562	2418
1449	2439
2732	2439
4233	2439
4886	2439
3130	2564
1267	2731
106	3124
637	3124
679	3124
763	3124
837	3124
971	3124
1111	3124
1460	3124
1662	3124
3331	3124
4596	3124
4753	3124
593	3199
739	3199
1586	3199
4118	3199
4269	3199
724	3599
405	3667
2853	3667
103	3670
1387	3670
1490	3670
1560	3670
1953	3670
2197	3670
2756	3670
3194	3670
20	4413
127	4413
2062	4413
2409	4413
2673	4413
2977	4413
4203	4413
1769	4637
955	4681
117	7
384	7
474	7
529	7
544	7
547	7
564	7
606	7
702	7
834	7
1161	7
1171	7
1220	7
1262	7
1326	7
1355	7
1459	7
1521	7
1558	7
1608	7
1617	7
1659	7
1731	7
1949	7
1997	7
2045	7
2268	7
2269	7
2577	7
2595	7
2599	7
2601	7
2610	7
2613	7
2882	7
2883	7
2931	7
3081	7
3232	7
3274	7
3345	7
3432	7
3449	7
3739	7
3785	7
3803	7
3869	7
3887	7
3989	7
4124	7
4435	7
4464	7
4747	7
4751	7
4768	7
4814	7
4835	7
4950	7
5109	7
701	44
1164	44
1445	44
3625	44
630	61
1550	61
1962	61
2051	61
2219	61
2243	61
2360	61
2478	61
2590	61
2649	61
2663	61
2669	61
2690	61
3000	61
3092	61
3386	61
3405	61
3985	61
4164	61
4431	61
4614	61
4618	61
4904	61
137	74
875	74
944	74
1094	74
1756	74
2288	74
2362	74
2657	74
3220	74
3371	74
3945	74
3948	74
4689	74
65	579
109	579
222	579
449	579
861	579
1464	579
1616	579
1620	579
1729	579
1965	579
2716	579
2934	579
3024	579
3334	579
3384	579
3575	579
3651	579
3938	579
4346	579
4392	579
4574	579
4771	579
75	582
1839	582
2110	582
2736	582
3891	582
4742	582
1198	723
329	751
1237	751
1318	751
1514	751
1679	751
2698	751
3372	751
3746	751
4	756
931	756
1890	756
3418	756
686	1055
2295	1134
3293	1134
1246	1144
3487	1144
3480	1313
278	1317
1412	1317
2348	1317
4537	1317
409	1595
471	1595
465	1656
1751	1656
2190	1656
2540	1656
4004	1656
2522	2167
2566	2167
3159	2167
4420	2167
743	2181
790	2181
849	2181
1000	2181
1176	2181
1385	2181
1661	2181
2012	2181
2111	2181
2396	2181
2451	2181
2541	2181
3290	2181
3771	2181
3856	2181
3984	2181
4564	2181
4992	2181
1181	2592
5033	2592
1191	2614
464	3192
2272	3192
4189	3192
303	3302
395	3302
913	3302
1628	3302
2031	3302
2910	3302
2946	3302
3710	3302
3905	3302
4797	3302
5030	3302
5083	3302
1527	3653
1905	3653
4891	3752
2844	3781
907	4623
3973	4623
4273	4623
4738	4931
86	153
111	153
285	153
309	153
325	153
502	153
508	153
633	153
668	153
696	153
844	153
871	153
958	153
1108	153
1115	153
1129	153
1341	153
1435	153
1492	153
1495	153
1955	153
3113	153
3329	153
3344	153
3672	153
3923	153
4051	153
4062	153
4244	153
4428	153
4515	153
4764	153
4944	153
318	189
1618	189
1812	189
1973	189
2006	189
2691	189
2742	189
2909	189
2969	189
4848	189
40	331
115	331
1093	331
2088	331
2144	331
2285	331
1314	357
1578	357
2778	357
519	456
753	456
2178	456
2568	456
2611	456
2760	456
3960	456
4061	456
4432	456
4651	456
4887	456
5081	456
355	522
392	522
590	522
859	522
1059	522
1213	522
3308	522
4882	522
1259	735
3457	735
3493	735
149	810
1463	1187
1835	1187
4499	1187
505	1202
5036	1312
857	1411
3733	1411
4173	1411
930	1612
4155	1612
2997	1633
230	1739
441	1739
779	1739
2083	1739
3537	1739
4759	1739
5084	1739
5095	1739
2304	1926
2715	1926
356	2384
3534	2799
1283	2866
2771	2866
2788	2866
3402	3338
2448	4516
377	4680
4170	4680
4561	4680
139	4733
1009	4733
1025	4733
1986	4733
2329	4733
4094	4733
4818	4733
110	4960
218	4960
531	4960
840	4960
905	4960
1018	4960
1128	4960
1572	4960
1754	4960
2094	4960
2463	1180
3772	1180
4194	24
9	85
81	85
358	85
515	85
538	85
909	85
1966	85
2289	85
2382	85
3133	85
4290	85
4525	85
4893	85
970	421
2080	421
2517	421
2553	421
3735	421
2870	708
4670	708
1040	740
1530	740
1627	740
2905	740
2906	740
3162	740
4119	740
125	1151
725	1151
1522	1151
1722	1151
1980	1151
2954	1151
3731	1151
3901	1151
73	1254
272	1254
300	1254
1329	1254
2812	1254
2836	1254
3020	1254
3052	1254
3807	1254
4024	1254
4482	1254
1759	1687
4246	1687
142	2155
431	2155
842	2155
926	2155
969	2155
976	2155
983	2155
1418	2155
1548	2155
1557	2155
1676	2155
1816	2155
2108	2155
3112	2155
3448	2155
3714	2155
3766	2155
3770	2155
4007	2155
4257	2155
4441	2155
4495	2155
4698	2155
4957	2155
4977	2155
1081	3125
3312	3125
3674	3125
4498	3125
2794	3351
3614	3351
141	3786
426	3786
872	3786
1193	3786
1410	3786
2687	3786
3538	3786
3619	3786
4806	3786
4855	3786
1440	4059
2502	4059
2751	4059
2354	4121
2975	4121
3587	4121
2739	5003
2482	1205
1455	1219
2700	1219
2703	1219
721	1230
3748	1230
4926	1230
51	2170
1941	2170
3126	2170
3755	2170
472	3774
570	3774
3009	3774
4133	3774
4417	3774
4994	3774
3280	4251
3278	4315
3607	4315
1768	4907
1064	16
1917	16
2183	16
2743	16
3437	16
4160	16
4319	16
3242	50
3305	50
277	503
1351	503
4945	503
4337	1183
4479	1183
4107	1695
4625	3542
1758	4629
1956	4629
3453	164
2090	179
2309	179
3595	179
3918	179
156	247
161	247
1005	247
1256	247
1709	247
2308	247
2912	247
2928	247
2935	247
2943	247
2984	247
2994	247
3193	247
3716	247
3725	247
3900	247
4095	247
4353	247
4447	247
4592	247
4717	247
160	568
1805	568
3893	568
4455	568
4456	568
122	893
321	893
683	893
1043	893
1268	893
1553	893
1931	893
2497	893
2710	893
2807	893
4423	893
4793	893
123	948
5111	975
1714	1157
2333	1157
2647	1157
4494	1157
3741	1169
5105	1169
1867	1250
1880	1250
219	1567
228	1567
2025	1567
2134	1567
3401	1636
3433	1636
3808	1636
4586	2070
4687	2070
5075	2070
1415	2341
1740	2341
2002	2341
2003	2341
2021	2341
4109	2341
4842	2341
5100	2341
3835	2863
1301	3481
2666	3724
3151	3724
4122	3724
129	4470
1579	4470
1603	4470
1626	4470
1724	4470
2000	4470
2063	4470
2313	4470
2885	4470
3496	4470
3804	4470
3842	4470
4091	4470
4530	4470
4536	4470
4700	4470
5025	4470
1020	4686
2695	4686
3483	4686
5118	4686
438	839
555	839
2347	2886
5125	2886
864	3055
1414	3055
1545	3055
1721	3055
1809	3055
2929	3055
4101	3055
4702	3055
162	3520
533	3520
1036	3520
1710	3520
1848	3520
1976	3520
2076	3520
2077	3520
2356	3520
5098	3520
210	3555
990	3555
3089	3555
3789	3555
3836	3555
4376	3555
1007	3738
2443	3738
2520	3738
3919	3738
4962	3738
773	3861
1402	3861
3840	3861
1837	4600
2267	4600
4222	314
4550	314
866	403
2343	403
2846	403
3316	403
1556	2430
2319	2430
3166	2430
4780	2430
2340	2938
3450	2938
1541	4087
4757	4087
183	525
475	525
1099	525
1592	525
1842	525
2263	525
2644	525
2650	525
2855	525
4138	525
4347	525
448	805
468	805
530	805
562	805
567	805
1417	805
1573	805
1588	805
2073	805
2091	805
2763	805
2857	805
2875	805
3088	805
3544	805
3709	805
4570	805
4704	805
4800	805
4843	805
452	811
511	811
1069	811
1162	811
140	1702
1634	1702
2376	1702
119	1761
651	1761
1934	1761
4798	2499
201	3829
553	3829
692	3829
845	3829
873	3829
972	3829
1228	3829
1264	3829
1361	3829
1425	3829
2084	3829
2515	3829
2552	3829
2793	3829
2972	3829
3063	3829
3376	3829
3476	3829
3484	3829
3486	3829
3500	3829
3833	3829
3946	3829
4727	3829
4728	3829
4756	3829
2038	4000
3409	4000
3706	4000
59	4130
3038	4130
120	18
815	18
940	18
1210	18
1242	18
1421	18
3532	18
3864	18
4200	18
4471	18
5078	18
497	302
510	302
639	302
675	302
1121	302
1208	302
1461	302
1474	302
1728	302
2495	302
3198	302
3204	302
3261	302
3294	302
3934	302
4069	302
4951	302
114	328
1360	328
4404	328
4576	328
942	645
1047	645
3071	645
3541	645
1915	762
2383	762
3613	762
3638	762
3640	762
4575	762
1148	877
1438	953
1927	953
4225	953
319	1017
1278	1017
2544	1017
563	1067
2989	1067
3349	1067
4807	1067
301	1615
1741	1615
2976	1615
3074	1615
2370	1948
3354	1948
3846	1948
4040	2253
477	2955
3546	2955
4826	2955
576	3253
2397	3253
150	3328
170	3328
332	3328
939	3328
480	3353
1515	3353
1972	3353
2278	3353
2467	3353
2558	3353
3639	3353
4092	3353
4240	3353
4427	3353
4866	3353
709	4187
2575	4187
1	4538
1197	4538
3821	4538
3857	4538
4821	4538
154	152
1021	152
1238	152
2064	152
2385	152
2766	152
3035	152
3226	152
4262	152
4385	152
4426	152
4520	152
4898	152
1335	429
1666	429
3115	429
4146	429
6	662
339	662
759	662
870	662
1261	662
1287	662
1752	662
1992	662
2145	662
2635	662
4060	662
4760	662
761	808
121	1023
1834	1023
2757	1023
4989	1023
785	2060
1082	2060
1471	2060
1599	2060
1938	2060
2740	2060
2781	2060
2848	2060
3942	2060
4267	2060
1596	2539
3937	2539
79	3171
2222	3171
4490	3171
2806	3620
4642	3620
3499	4209
586	4252
3662	4912
312	26
338	26
2424	26
1944	316
4036	316
4192	316
4306	316
4309	316
4517	316
1216	349
1338	349
1951	349
3310	349
3424	349
3645	349
4402	349
583	483
3117	483
1015	638
3227	638
11	646
1110	646
1227	646
4303	646
4480	646
1498	2603
401	3347
1452	4919
4970	4919
38	47
42	47
324	47
672	47
1924	47
3603	47
1106	514
12	921
17	921
284	921
2221	921
2280	921
2709	921
2834	921
3668	921
3678	921
4211	921
4502	921
4621	921
2215	3972
3326	3972
1070	4139
1657	4139
2213	4139
3033	4139
3400	4139
1930	4415
2826	4415
2491	906
2493	906
1520	1327
2667	1327
951	2032
2307	2032
3427	2032
3439	2032
3516	2032
4740	2032
159	3902
4602	3902
100	876
1591	876
4085	876
462	1117
713	1117
3420	1117
4224	1117
4325	1117
4339	1117
4676	1117
5099	1117
629	1446
3943	1458
1622	2792
4201	4238
2720	259
2474	750
2712	750
3359	750
3391	750
3997	750
2399	777
2180	1380
89	1888
3574	1888
2033	2152
3233	2152
2107	3953
280	351
710	351
1786	351
1858	351
1900	351
3304	351
4341	351
4902	351
184	1796
2187	1796
2282	1796
2344	1796
2519	1796
2913	1796
3205	1796
3299	1796
4082	1796
4254	1796
174	2306
628	2306
835	2306
924	2306
1051	2306
1862	2306
2154	2565
1097	4329
2633	4329
1996	237
2053	237
2364	237
3442	237
3528	237
5053	237
1536	3965
1742	4668
3911	4668
860	148
984	148
1011	148
1209	148
2373	148
2379	148
3090	148
4813	148
5113	148
2873	812
4723	812
217	1357
788	1357
903	1357
2369	1357
2936	1357
3519	1357
3726	1357
4454	1357
5070	1357
3707	1989
4770	1989
1547	3007
67	3791
1369	4468
1379	4468
2001	4468
3455	4468
885	4673
4597	4856
1154	445
4178	445
4399	445
4779	445
423	2056
1346	2375
231	2688
3783	2688
4690	4720
5044	4720
2216	3212
3465	3212
4277	3212
863	3868
2011	3868
4775	3868
1597	3355
1919	3355
4795	3355
2837	4037
2182	4156
3661	4156
4070	4156
4272	4156
1233	1271
1776	1271
2835	1271
3137	1271
4167	1271
4204	1271
2858	2726
3475	2726
904	236
998	236
1027	236
1076	236
1607	236
1774	236
4358	236
912	536
1569	536
453	890
1534	890
3435	890
3438	890
3521	890
937	2345
1424	2345
1531	2345
1593	2345
4699	2345
4714	2345
4777	2345
1539	336
1377	549
126	5077
1071	3216
1542	980
1726	980
2093	980
2450	980
2961	980
3730	980
3832	980
4915	980
2618	1533
2124	2442
3185	2442
3190	2442
242	2593
4465	2593
4785	2593
5087	2593
4674	2665
2901	4880
3626	4880
244	649
1655	649
2421	649
2783	649
3958	649
1215	733
3357	733
31	3018
388	3018
1354	3018
2234	3018
3333	3018
3340	3018
4266	3018
4528	3018
4976	3018
2876	323
2959	323
5063	323
1602	1188
4284	1188
3012	1703
3852	1703
778	1975
3795	1975
5052	1975
950	2535
961	2535
3042	2535
4729	2535
997	2965
1426	2965
2970	2965
3301	2965
3501	2965
4063	2965
4758	2965
1398	3971
3515	3971
2310	1030
1309	3142
1624	3142
2026	3142
2072	3142
2117	3142
2534	3142
4076	3142
4117	3142
4439	3142
3029	3689
3330	3689
5094	3689
2116	4013
2420	4013
2942	4013
2960	4013
3509	4013
3629	4013
4106	4013
4605	4013
4878	4013
4941	4013
178	4604
1363	4604
1391	4604
2009	4604
3522	4604
4081	4604
2113	1373
2772	1373
3838	1373
330	5028
3922	5028
478	1673
1610	2305
420	1431
1939	1431
3775	1431
3967	35
2238	3255
3925	3255
4128	3913
4345	3913
4666	3913
2028	4584
3604	4838
476	1295
1407	4691
2047	4691
2089	4691
2164	5071
2336	5071
2939	5071
3853	5071
4116	5071
3695	666
2527	935
2548	935
4430	935
4410	4221
311	5096
2160	5096
4275	5096
655	4099
3970	4099
1638	49
3573	49
3764	49
2746	225
3994	225
680	257
1680	257
2132	257
4190	257
4227	257
177	297
769	297
803	297
823	297
914	297
1546	297
1611	297
1746	297
1820	297
2904	297
3426	297
4443	297
4543	297
4847	297
4877	297
5050	297
1667	501
2722	501
507	513
2109	513
2129	513
2380	513
2583	513
2654	513
3179	513
147	580
283	580
416	580
509	580
1090	580
1304	580
1330	580
1718	580
2274	580
2684	580
3067	580
3408	580
3411	580
4075	580
4601	580
3910	1033
308	1087
919	1087
2147	1087
2172	1087
2711	1087
3236	1087
3703	1087
3708	1087
3954	1087
4937	1087
4942	1087
1600	1506
2825	1506
3211	1506
3314	1506
657	1663
1513	1669
1477	2099
1928	2813
3228	2813
3742	2813
4217	2813
1235	3686
3160	10
30	15
43	15
53	15
306	15
413	15
447	15
755	15
1345	15
1441	15
1852	15
2233	15
2257	15
2470	15
3311	15
3581	15
3671	15
3977	15
4034	15
4149	15
4302	15
4669	15
4906	15
4308	378
4476	378
4546	378
45	490
333	490
344	490
1359	490
1699	490
2291	490
3165	490
4230	490
4755	490
4943	490
99	652
3254	1856
3257	1856
684	2130
3224	2130
4052	2130
1704	3131
4560	3152
2368	3181
4434	3181
4990	3181
3251	3780
4920	3780
83	248
167	248
256	248
399	248
617	248
689	248
746	248
749	248
911	248
1032	248
1114	248
1130	248
1381	248
1483	248
1651	248
1689	248
1784	248
1840	248
1946	248
1957	248
2290	248
2681	248
2805	248
3180	248
3225	248
3718	248
3823	248
3871	248
4491	248
4792	248
4859	248
4952	248
4988	248
612	691
1079	691
3239	691
3931	691
3105	715
3283	715
2737	2232
3327	2232
575	98
1325	98
2363	113
3157	113
3801	113
294	613
381	613
2596	613
2630	613
3110	613
3183	613
3615	613
4865	613
13	745
647	745
1779	745
1863	745
2027	745
3267	745
3982	745
315	1658
2460	2640
2919	2640
2945	2640
3119	2640
4627	2640
4917	2640
14	3027
27	3027
33	3027
305	3027
665	3027
387	1218
512	1218
1674	1218
1963	1218
2815	1218
3104	1218
3164	1218
3213	1218
3321	1218
3392	1218
3617	1218
4548	1218
144	1505
1126	1505
1512	1505
1935	1505
2337	1505
3360	1505
4212	1505
2692	2157
4916	2176
55	2395
291	2395
588	2395
1683	2395
1713	2395
1899	2395
2723	2395
3172	2395
4055	2395
4429	2395
4507	2395
4879	2395
4975	2395
5067	2395
1257	3023
1945	3023
2133	3023
2672	3023
3976	3023
578	4197
2782	4197
3022	4197
3217	4197
3563	4197
3682	4197
3924	4197
4041	4197
4677	4197
1353	39
4016	39
267	382
2214	382
3860	382
4359	382
4513	382
2559	667
107	732
198	732
793	732
1258	732
2627	732
2830	732
3580	732
165	1682
4622	2543
506	3123
1252	3123
2485	3123
4274	3123
4105	4263
4318	4263
4321	4263
781	517
2322	517
2641	517
4707	517
2842	1854
1454	2138
1750	2138
2811	2604
62	268
957	268
2241	268
2365	268
2903	268
3288	268
4933	268
1765	396
3051	396
96	993
597	993
1190	993
1469	993
3352	993
4421	993
4873	993
5004	993
966	1343
2727	1343
3535	1343
1340	2724
3356	2724
3676	2724
4012	2724
4113	2724
4566	2724
3616	37
4253	37
4620	37
669	607
2769	1348
327	1894
2851	1894
4301	4297
585	340
1643	340
494	52
2645	52
4581	52
4660	52
663	1337
1226	1337
2701	1337
2705	1337
2838	1337
3743	1337
4005	1337
4619	1337
23	1843
664	1843
720	1843
3358	1843
3681	1843
4255	1843
4486	4260
498	4922
102	5005
365	5005
1503	5005
1664	5005
3028	1449
681	3130
2530	3130
2555	3130
348	637
4145	637
4300	637
1502	837
1748	837
1439	1460
138	593
3275	593
145	739
3073	739
1833	4269
985	1387
1832	1387
2082	1387
92	955
609	955
2403	955
72	117
262	117
634	117
676	117
1060	117
1125	117
1272	117
1423	117
1532	117
1570	117
1789	117
1838	117
2434	117
2741	117
2820	117
3170	117
3238	117
3518	117
3641	117
3988	117
4056	117
4294	117
4485	117
4662	117
4748	117
4773	117
4829	117
4972	117
304	529
3282	564
71	2269
929	2269
1280	2269
3459	2269
4820	2269
345	3887
804	3887
1937	3887
2352	3887
2620	3887
3058	3887
3154	3887
4148	3887
4381	3887
626	630
1172	630
1771	630
4616	630
2983	1550
491	1962
660	1962
744	1962
1124	1962
1138	1962
1448	1962
1497	1962
1855	1962
3665	1962
4631	1962
1861	2051
4762	2051
791	2219
3805	2219
493	2243
495	2478
1107	2478
1903	2478
2531	2478
2829	2478
4289	2478
4489	2478
4985	2478
243	2590
741	2590
1644	2590
1698	2590
1851	2590
1971	2590
2859	2590
2891	2590
3286	2590
3502	2590
4324	2590
4343	2590
4350	2590
220	2669
463	2669
29	4614
542	4614
2251	4614
622	1756
1865	1756
2339	1756
3258	1756
3260	1756
3346	1756
2473	2288
3648	2288
4127	2288
255	449
295	449
486	449
1757	449
1893	449
2661	449
2753	449
2765	449
3036	449
3317	449
3423	449
3566	449
3956	449
4068	449
4643	449
393	1729
1507	1729
3207	1729
3319	1729
4559	1729
4577	1729
4661	1729
4980	1965
2254	329
2536	329
4786	329
673	1237
896	1237
3006	1237
4712	1237
1214	1318
2415	1679
1646	2698
4505	2698
2	2295
118	2295
434	2295
949	2295
956	2295
1168	2295
1583	2295
1694	2295
1909	2295
2487	2295
3011	2295
3380	2295
3458	2295
3790	2295
3907	2295
4001	2295
4198	2295
4418	2295
4672	2295
4884	2295
2980	3293
4298	278
878	4537
1367	4537
1378	4537
1518	4537
1801	4537
2921	4537
4766	4537
1352	2522
260	2566
3249	2566
4534	3159
699	743
994	743
373	790
644	790
819	790
2706	790
2973	790
2988	790
3079	790
3134	790
4450	790
4719	790
4913	790
279	2396
1098	2396
1185	2396
1970	2396
2218	2396
2516	2396
2619	2396
3241	2396
3377	2396
3523	2396
4104	2396
4763	2396
643	3984
4202	2272
4532	2272
3601	395
4340	1527
36	4891
56	4891
608	907
1772	907
1886	907
2465	907
2750	907
4008	907
4312	907
70	86
1782	86
3571	86
4186	86
4981	86
5101	86
716	111
2211	111
2212	111
481	285
601	285
678	285
1778	285
1922	285
1933	285
2810	285
2852	285
3362	285
4657	285
4874	285
202	309
798	309
1356	309
2054	309
2265	309
3015	309
3068	309
3103	309
3343	309
3446	309
3740	309
3865	309
4488	309
4565	309
869	502
747	508
620	668
3324	668
4195	696
1640	844
1811	844
2388	844
2498	844
2662	844
3016	844
3594	844
4247	844
4374	844
4964	844
5039	844
5054	844
1654	1129
4150	1129
1447	3672
3644	3672
3993	3672
700	3923
1781	3923
3754	3923
379	4515
1826	4515
2017	4515
2776	1812
4682	2909
3858	4848
964	40
1165	40
1906	40
3524	40
1457	115
2621	115
3843	115
3478	2144
2958	2285
581	519
2824	519
3367	519
4924	519
4218	2178
4501	2178
3114	2568
4098	2568
4196	2568
4292	2568
4400	2568
4425	2568
4649	2568
4310	4651
2843	355
4152	355
661	392
3588	392
1892	590
350	1059
2118	1059
2127	1213
2249	3308
2956	3493
3787	857
4366	857
4599	857
2773	3733
3705	3733
4854	930
335	4155
900	4155
548	2997
1585	2997
1985	2997
2937	2997
4844	2997
124	230
1897	230
2664	230
3711	230
4966	230
4851	779
5060	779
4322	3537
1155	5095
3854	5095
4524	5095
2237	2715
1086	356
1288	356
1316	356
4219	356
1150	1283
1580	1283
4462	1283
4571	1283
5022	1283
163	2771
807	2771
1581	2771
1830	2771
2659	2771
2694	2771
4767	2771
3003	2788
2466	2448
3096	2448
3608	2448
654	377
1755	377
4804	4170
105	139
1265	139
2175	139
2327	139
3060	139
3957	1009
4112	1009
4354	1009
4693	1009
3820	1025
1049	4818
1920	110
2987	110
3047	110
1248	218
2791	218
5013	218
5016	218
2161	840
4656	905
2762	1018
3297	1128
3980	1128
2198	1754
4864	3772
1399	1040
2300	1040
836	1530
2007	1530
4215	2905
4734	3162
2311	1980
1675	142
4086	142
2346	842
2790	842
4154	842
796	969
1050	969
2779	969
1382	1418
1384	1418
1390	1418
1807	1418
4743	1418
3431	1410
853	2354
5079	2354
1744	2739
2784	2739
516	1455
4998	1455
610	51
754	51
2293	51
2584	51
3041	51
3414	51
4136	51
4299	51
3363	3126
131	3755
1456	3755
2562	3755
4171	3755
603	570
2244	570
3271	570
3221	3280
1480	3607
3968	3607
1131	1064
1434	1064
2177	1064
3381	1064
3383	1064
3675	1064
3939	1064
526	1917
360	2183
640	2183
2389	2183
1140	3437
1668	3437
595	277
4650	4945
1872	4337
3609	4337
4344	4337
3413	4479
4182	4107
4539	4107
4946	4107
2569	4625
2505	1758
3525	1956
4987	2309
430	156
1525	156
1803	156
3436	156
3447	156
425	1709
427	1709
1392	1709
1538	1709
3002	1709
2342	2994
3467	2994
910	4592
2301	4592
3504	4592
1253	160
1388	160
1393	160
2321	160
2915	160
3473	160
4588	160
4703	160
5032	160
3700	4455
541	321
1866	321
1983	321
3109	321
3404	321
3417	321
4817	321
5009	321
146	2497
1116	2497
1189	2497
1292	2497
1836	2497
1860	2497
2059	2497
2096	2497
2719	2497
2818	2497
3206	2497
3819	2497
5035	2497
1737	2710
4083	2710
884	123
1519	123
3471	123
1364	5111
1395	5111
1408	5111
3434	5111
3867	5111
3456	1714
3782	1714
4010	2647
886	5105
2951	5105
1365	1867
2332	1867
4746	1867
952	219
2359	219
4772	228
986	3401
3452	3401
554	3808
1371	3808
1427	3808
1462	3808
1537	3808
2357	3808
2655	3808
3464	3808
3469	3808
1416	4687
2503	4687
3174	2002
2775	3835
4388	3835
852	1301
3800	1301
1277	3151
2944	3151
4850	3151
1122	129
928	1579
816	1626
4126	1626
5124	1626
128	1724
532	2000
560	2000
1291	2000
2964	2000
4453	2063
5107	2063
2622	2313
1249	2885
1552	2885
4368	3496
130	3804
3806	3804
3879	3804
1422	3842
2106	3842
2545	3842
4611	3842
435	1020
444	1020
833	1020
1104	1020
4587	1020
234	555
1749	555
4448	555
855	2347
3799	2347
4590	2347
5026	2347
3796	5125
1152	864
1394	864
1526	864
3536	864
4457	864
874	162
1981	162
2103	162
2689	162
2802	162
2862	162
2971	162
4606	162
1549	533
4176	533
4610	533
3086	1710
4580	1710
5061	1710
1792	1848
2097	1848
3201	1848
3072	1976
186	2076
1734	2076
2040	2076
2281	2076
2372	2076
3894	2076
3898	2076
4901	2076
818	210
1829	210
2330	210
3951	210
5117	210
1990	990
2557	773
880	2267
820	1099
1035	1099
3983	1099
182	1592
1738	1592
4249	1592
4613	2644
3811	448
240	468
1285	468
1697	468
1969	468
2900	468
3850	468
3914	468
1706	530
2049	530
5031	530
454	562
2642	562
3099	567
604	1417
996	1417
2052	1417
3146	1417
3491	1417
4066	1417
4129	1417
1621	1588
2770	1588
4071	2857
892	3709
3908	3709
191	119
697	119
879	119
1146	119
1565	119
1587	119
1881	119
2065	119
2864	119
4846	119
5062	119
1878	1934
3788	1934
4671	4798
1528	201
2326	201
3318	201
3443	201
4223	201
4363	201
1911	692
87	1264
298	1264
545	1264
982	1264
2044	1264
3461	1264
3959	1264
3150	2972
4589	2972
5103	2972
797	4727
959	4727
1559	4727
2602	4727
2660	4727
2752	4727
3855	4727
4351	4727
1366	2038
1376	2038
1383	2038
2653	2038
3498	3409
1891	120
1977	120
1988	120
2484	120
2804	120
4208	120
232	1242
2041	1242
2456	1242
3248	1242
2785	3532
1255	3864
1299	3864
1409	3864
2296	3864
3505	3864
3554	3864
3851	3864
4165	3864
1223	4200
1231	4200
5123	4471
1648	5078
1879	497
227	510
375	510
437	510
520	510
627	510
1623	510
2494	510
2525	510
2854	510
3721	510
4042	510
656	639
2461	639
2609	639
3219	639
4286	639
4311	639
2856	675
2325	1461
2892	2495
3514	2495
1873	3934
1642	4069
2626	4951
4365	114
4102	1360
1822	942
918	3071
4463	3071
4569	3071
5049	3071
1540	3541
5059	3541
1479	1915
4281	1915
4285	1915
1307	3613
157	3638
752	3638
523	3640
1331	3640
3597	3640
1639	1438
4881	1438
4370	3349
2865	301
2996	301
4445	301
4713	301
5008	301
1156	2976
2163	2976
4834	2976
4335	4040
1100	477
1794	477
4632	477
4840	2278
730	2467
1192	4092
1883	4427
2947	4427
2227	4866
455	1021
1028	1021
3863	2064
4567	2064
552	2385
799	2385
923	2385
1296	2385
1302	2385
1582	2385
1625	2385
1800	2385
1857	2385
1904	2385
2416	2385
2803	2385
2993	2385
3082	2385
4367	2385
4819	2385
4973	2385
229	3035
4140	3035
770	4520
1516	4520
1544	4520
1701	4520
1799	4520
2261	4520
2284	4520
3691	4520
3862	4520
4979	1335
181	6
621	6
1089	6
1112	6
1641	6
2452	6
2697	6
4876	6
927	870
1845	870
2260	870
2714	870
3361	1261
3920	1261
572	1287
1491	1287
3197	2635
69	4760
3690	4760
1762	121
4892	121
1221	1834
1245	1834
3200	1834
2169	2757
2511	2757
2537	2757
3396	2757
4808	2757
25	1082
250	1082
459	1082
1561	1082
2469	1082
2777	1082
3161	1082
3222	1082
4175	1082
4481	1082
1686	2781
4477	2781
3600	2848
4956	4267
742	79
2413	79
2629	79
3552	79
466	2222
4483	2222
3647	4642
3955	4642
1143	3499
1149	3499
3285	3499
91	312
286	312
1767	312
2588	312
4397	312
1952	1944
4624	4036
3991	1216
4424	1216
2404	1338
3244	3645
4151	3645
1105	4402
1773	4402
2480	4402
3230	4402
3419	4402
3585	4402
4870	4402
4883	4402
2406	1015
84	11
1053	11
1785	11
3121	11
3618	11
4644	1498
2840	401
3366	401
4191	401
1509	1452
726	4970
1085	38
2507	38
4364	38
4890	42
289	672
1141	672
775	1106
3444	1106
4675	1106
4954	1106
5020	1106
4213	12
3116	17
488	2280
457	2834
2398	2834
4547	2834
3004	3668
1555	3678
2194	3678
3567	3678
5007	3678
1859	1070
3106	1657
4237	3033
1672	3400
838	100
1929	100
5066	100
1178	1591
3834	1591
4831	1591
3883	4085
133	462
1715	462
4478	462
4953	462
1163	713
2513	713
4338	713
4836	4325
235	5099
1819	5099
352	3943
1428	2720
4304	2720
4914	2474
2847	2712
3621	2712
1031	2399
4048	89
3168	3574
4996	710
1482	1858
2275	1858
4386	1858
469	184
764	184
1708	184
2924	184
3802	184
4899	184
21	2187
265	2187
2597	2187
3825	2187
1279	2282
2046	3205
2236	174
1065	628
4484	628
432	835
4715	2154
2550	2633
3148	2633
3583	2633
2315	1996
2911	1996
4568	1996
238	2053
767	2053
169	1536
1300	1536
5089	1536
3445	1742
826	3911
3888	3911
1173	860
2371	1011
2489	1011
2796	1011
4469	1011
4685	1011
5074	1011
422	2373
571	2373
1419	2373
1802	2373
2367	2373
2800	2373
4166	2373
4362	2373
4696	2373
1795	4723
963	217
135	903
3153	903
3797	903
5091	903
180	4454
3076	4454
3085	4454
132	1154
631	1154
2085	1154
2918	1154
3794	1154
4111	1154
5051	1154
5082	1154
624	4178
1014	4178
1045	4178
1609	4178
1790	4178
2764	4178
2871	4178
2920	4178
3102	4178
3702	4178
3845	4178
3848	4178
3878	4178
5093	4178
1727	4779
2916	4779
3388	4779
3527	4779
3562	4779
214	423
3077	423
4080	423
4692	423
1825	1346
4716	1346
4861	1346
2902	3783
3054	3783
2878	5044
2963	5044
4961	5044
899	1597
1876	1597
1887	1597
2058	1597
2242	1597
151	1919
2721	2837
446	2182
3269	2182
1443	3661
3240	3661
3306	4070
4355	1542
1056	1726
3969	1726
2086	2124
4585	3185
1389	4465
867	5087
2075	5087
408	2901
467	3626
4923	3626
353	244
359	244
1232	244
1240	244
4032	244
2748	2421
2561	3958
1074	1215
600	3357
677	3357
1344	388
4144	388
3332	1354
4641	1354
565	3333
1372	2876
2034	5063
3543	5063
3872	5063
4609	5063
2686	3012
2899	3012
3812	3012
4241	3012
4862	3012
4947	3012
334	778
1847	778
3974	778
3904	3795
2095	5052
4088	5052
4845	5052
101	950
487	950
1194	950
1204	950
2010	950
2159	950
3512	950
3882	950
4593	950
1685	1426
4216	2970
4449	2970
1123	3301
1964	3301
3929	3301
1321	4063
3237	4063
2677	3838
1723	330
2426	330
4626	330
4030	420
2225	1939
988	2028
2074	3604
3462	2089
380	2164
787	2164
1293	2164
1294	2164
1396	2164
2008	2164
2015	2164
2087	2164
2247	2164
2264	2164
2314	2164
2361	2164
2435	2164
2822	2164
2948	2164
3010	2164
3013	2164
3482	2164
3510	2164
4057	2164
4090	2164
4711	2164
4833	2164
4948	2164
5112	2164
3087	2939
363	2527
748	2527
802	2527
1072	2527
1310	2527
2638	2527
2850	2527
3624	2527
3649	2527
3685	2527
3915	2527
4123	2527
4132	2527
4333	2527
2188	311
2252	4275
2797	4275
2411	3160
2704	3160
3659	3160
648	30
4033	30
2412	43
3368	43
450	306
1691	306
4168	306
94	447
4544	447
2436	1079
4331	1079
90	294
737	2596
372	2630
116	3110
734	3110
2574	3110
411	3183
504	3183
2192	3183
2831	3183
4135	3183
4403	3183
2246	13
2735	13
3323	13
3399	13
1358	1863
2240	1863
2624	1863
2643	1863
2699	1863
2744	1863
4039	1863
400	3267
2849	3267
2414	315
274	2460
397	2460
442	2460
693	2460
992	2460
1429	2460
1451	2460
1908	2460
2573	2460
3049	2460
3315	2460
3578	2460
3636	2460
4137	2460
4387	2460
5068	2460
688	2919
2393	2919
2702	2919
4270	2919
4278	2919
524	2945
1203	2945
1488	2945
3373	14
705	27
707	27
722	27
729	27
1347	27
1508	27
1690	27
1954	27
2277	27
2821	27
3295	27
3375	27
4226	27
4296	27
4636	27
4895	27
1077	305
1665	2337
3218	2337
2394	3360
402	4916
4493	4916
3990	1257
1444	4016
1322	267
2809	267
3245	267
3669	267
496	4359
63	2559
1308	2559
261	1258
1042	1258
1073	1258
1551	1258
1684	1258
1730	1258
2122	1258
2185	1258
3021	1258
3155	1258
3202	1258
3979	1258
3981	1258
4271	1258
4383	1258
4394	1258
4563	1258
4718	1258
4871	1258
5002	1258
5076	1258
5085	1258
3030	506
322	1252
1206	1252
3677	4105
4043	4105
1058	1454
1349	1454
2932	1454
3477	1765
1705	96
2492	96
4078	597
253	1469
2067	1469
736	5004
2022	1340
4940	1340
1229	3616
1466	3616
3014	3616
3031	4253
3680	4253
4193	4253
4342	4253
1225	4620
4688	4620
2612	327
3750	327
82	4301
616	4301
2174	4301
2179	4301
2228	4301
4745	4581
615	663
1475	663
2217	663
2231	663
3084	663
3866	663
4044	663
4801	663
341	1226
829	1226
3186	1226
4908	1226
3379	2701
3416	2838
1499	3743
1681	3743
2827	3743
3605	3743
717	4005
3111	4005
3928	4619
317	23
1760	23
2250	23
3582	23
4648	23
4932	23
594	4486
3026	4486
1311	3028
1921	2530
1174	4145
2166	4145
4781	1502
557	1833
2135	1833
3034	1833
1696	92
4250	92
2186	609
3141	609
687	929
2578	3459
1916	3154
276	626
458	626
1486	626
1647	626
1994	626
2512	626
2580	626
3272	626
3382	626
3978	626
3996	626
4683	626
2572	1172
2283	491
2728	491
4905	491
625	744
1298	744
1436	744
4020	744
3701	1448
3947	3665
3268	4631
4236	4631
4803	4631
3398	1861
1725	493
2312	493
482	495
801	495
2173	495
2950	495
3175	495
4769	495
539	2829
3229	243
2616	741
398	1644
3025	1698
3281	1698
3191	1851
690	4324
830	622
1113	622
1147	622
1236	622
1400	622
1433	622
1453	622
2165	622
2447	622
2475	622
3223	622
3264	622
3298	622
3303	622
3579	622
3591	622
3610	622
3964	622
4006	622
4038	622
4067	622
4228	622
4265	622
4504	622
4815	622
258	1865
461	3648
2454	3648
2488	3648
3551	2765
1334	3319
2923	3319
2563	4786
1118	4505
3760	2
4665	1352
1501	699
1632	699
4458	699
171	373
200	373
288	373
587	373
760	373
925	373
1282	373
1420	373
1770	373
2004	373
2441	373
3815	373
484	3079
2560	4202
2585	4202
3612	4202
4741	4202
2551	4532
1902	36
4232	36
1764	608
4531	608
1328	1772
3140	1772
3203	1772
3342	1772
3550	1772
3561	1772
3611	1772
945	70
1910	70
2018	70
2884	70
2104	1782
1196	3571
2139	3571
4934	3571
5102	3571
636	4186
2639	4186
4108	4186
527	481
3173	481
3490	481
3572	678
3118	1922
3440	1922
4391	1922
4774	1922
22	1933
337	1933
362	1933
1212	1933
1743	1933
2023	1933
2196	1933
3385	1933
4014	1933
4050	1933
4245	1933
249	202
281	202
1517	202
1783	202
2581	202
3407	202
4159	202
795	798
1200	798
1932	798
5038	798
577	1356
1777	1356
1943	1356
3064	1356
3070	1356
3093	1356
1875	2054
2986	2054
4180	2054
4444	2054
1605	3068
108	3446
2266	3446
2521	3446
2795	3446
3906	3865
5056	869
2745	1640
574	1811
3687	5039
768	1654
1243	1654
1968	3644
3623	700
489	379
3727	379
1629	1826
1775	1826
2761	1826
2874	1826
3069	1826
3693	1826
774	2017
783	2017
792	2017
4573	2017
5069	2017
5080	2017
5108	2017
5115	2017
789	3858
813	3858
3463	3858
2632	964
2490	3524
3059	3524
4199	3524
4765	3524
1269	1457
3215	1457
1224	3478
2546	3478
4125	3478
4628	3478
4999	3478
196	2958
3564	2958
4825	2958
1211	581
326	4501
2464	4501
3156	3114
3364	3114
4579	4098
4287	2843
485	4152
1342	4152
3763	4152
2477	350
4925	350
2331	3787
2889	3787
3769	3787
3712	4366
5041	4599
4857	3705
1814	4854
4867	4854
1493	335
3143	335
1290	900
2605	900
2693	900
3056	900
1306	548
1598	548
2079	548
3339	548
3987	548
4617	548
4647	548
1810	1585
1841	1585
4406	1585
2156	1985
2708	1897
3337	1897
3950	1897
4875	1897
2387	2664
205	4851
212	4851
2895	4851
3909	4851
862	4524
1798	2237
3235	2237
4049	2237
2239	1086
155	1288
443	1288
550	1288
827	1288
828	1288
1818	1288
2140	1288
2191	1288
2933	1288
4327	1288
4369	1288
4395	1288
4578	1288
4679	1288
4889	1288
54	1150
641	1150
846	1150
1554	1150
1630	1150
1692	1150
2377	1150
2542	1150
2801	1150
2872	1150
3147	1150
4348	1150
4860	1150
5019	1150
2479	1580
3874	1580
1470	807
4968	807
4521	4767
2255	2466
2985	2466
4805	2466
88	3096
614	3096
2189	3096
1012	3608
1303	3608
2759	3608
4380	3608
4541	3608
4594	3608
19	1755
561	1755
784	1755
3890	1755
2297	4804
3921	4804
5043	1920
3506	2987
3497	3047
4749	3047
965	1248
1660	1248
2504	1248
4725	2161
2496	2762
2780	3297
204	516
2789	516
4422	516
4645	516
4776	516
2392	754
3019	754
535	603
4153	603
546	2244
714	2244
772	2244
1266	2244
1877	2244
1947	2244
2567	2244
2696	2244
3097	2244
3129	2244
3169	2244
3378	2244
3557	2244
3736	2244
3816	2244
4207	2244
4603	2244
4678	2244
4031	1131
368	3381
3208	3381
3265	3381
3593	3381
1645	360
2587	360
2634	360
2646	360
197	595
3403	595
2209	4650
3747	4344
3632	3413
1476	4539
4169	4539
4542	4539
4706	4539
3263	4946
192	2569
2433	3525
1160	1395
4794	554
1413	2775
3903	4388
3889	1122
4583	928
800	816
1535	560
3429	560
3715	5107
1712	2622
1991	1249
2042	1249
3886	1249
5127	1249
1543	1552
3065	4368
4572	130
4701	130
5090	130
786	3806
3393	234
3875	234
4830	1749
143	855
537	855
1397	855
1404	855
2068	855
3511	855
1013	874
1405	874
1817	874
851	2802
1563	2802
1564	2802
4722	2802
1982	4606
3745	4606
566	1549
2081	1549
2532	1549
2908	1549
2922	1549
5097	1549
2547	4176
1179	4610
1707	4610
4787	4610
5048	4610
1274	1734
1524	1734
2974	1734
3828	1734
5027	1734
5114	1734
967	2040
1806	2040
1974	2040
4823	2040
5014	2040
2957	2281
4591	2281
1984	2372
2069	2372
176	3894
1201	3894
1286	3894
5021	3894
2029	1990
1882	182
2168	182
4320	182
1251	1738
1895	4249
2036	4249
2158	4249
2651	4249
4371	4249
4375	4249
4549	4249
166	4613
3884	4613
1619	240
2271	240
4519	240
5104	1285
1613	2049
2982	2049
3817	2049
1978	5031
3529	5031
4438	5031
173	454
241	454
1401	454
1403	454
3728	454
4179	454
1487	2642
1577	2642
2606	2642
3531	2642
3259	3099
1008	2770
1019	2770
4849	2770
5018	2770
190	892
831	892
3005	892
3729	892
4750	892
4812	892
4816	892
5037	892
1153	191
2149	191
3818	191
4790	191
2907	4671
3540	4671
4361	4671
270	1366
920	1366
4103	1366
5055	1366
5116	1366
1260	1891
2114	1891
320	1988
1103	1988
2016	1988
2768	1988
4527	1988
4868	1988
1896	4208
3545	232
4473	2041
3589	3248
4162	3248
960	2785
2914	2785
556	1255
1022	1255
1604	1255
1637	1255
1747	1255
2131	1255
2481	1255
3320	1255
4332	1255
4909	1255
4965	1255
1813	2296
1815	2296
3827	2296
4841	2296
2713	1223
4018	1223
1913	1231
4047	1231
4229	2854
1914	2461
3289	3219
66	4311
2814	4311
473	4102
1247	4569
1289	4569
4853	4569
5034	4569
1993	1540
2024	1540
543	5059
847	5059
2303	5059
3494	5059
3291	4281
1889	4285
3307	1307
4969	523
1787	3597
211	4370
4556	4370
4684	4370
671	2865
2037	2865
3001	2865
3779	4713
4382	5008
889	1156
2195	1156
2949	1156
3547	1156
245	2163
310	2163
658	2163
908	2163
3100	2163
203	4834
213	4834
3837	4834
858	1100
1846	4840
4131	730
2538	1192
2991	1192
2453	2227
3390	2227
3784	2227
4064	2227
1850	1028
894	1296
3655	1296
1999	1302
2020	1302
2223	1302
2390	1302
32	4819
172	4819
374	4819
1142	4819
1566	4819
1898	4819
2105	4819
2374	4819
3734	4819
3880	4819
4025	4819
4958	4819
1275	770
3549	770
4172	1845
1136	69
2142	69
3756	69
558	3690
999	3690
1062	3690
1167	3690
1175	3690
1368	3690
1386	3690
1831	3690
3135	3690
3209	3690
3513	3690
4072	3690
5001	3690
3839	4892
2893	2169
233	2511
719	2511
1026	2511
2153	2511
3389	2511
3430	2511
4459	2511
5	25
1101	25
1649	25
4181	25
4959	25
187	459
968	459
1594	459
2019	459
2786	459
2953	459
3045	459
5086	459
947	2469
817	4481
2014	4481
2529	4481
3406	4481
3765	4481
4732	4481
76	1686
1034	1686
1041	1686
1158	1686
1468	1686
1489	1686
1753	1686
2586	1686
3108	1686
3348	1686
4022	1686
4027	1686
4460	1686
4518	1686
4824	1686
4872	1686
528	4477
592	4477
2203	4956
2273	4956
1315	466
3479	466
3660	466
4664	466
282	4483
2248	4483
2270	4483
4268	4483
4288	4483
4737	4483
4955	4483
4967	4483
2207	1952
2210	4624
2459	4624
974	2404
3234	2404
4910	2404
814	4151
4963	4151
1907	1105
2428	1105
4029	1105
1063	1773
1473	1773
3098	1773
370	2480
4316	2480
4640	2480
371	3230
2676	3230
34	3419
78	3419
252	3419
386	3419
404	3419
500	3419
703	3419
1024	3419
1244	3419
1324	3419
1823	3419
1844	3419
1995	3419
2518	3419
2571	3419
2615	3419
2617	3419
2682	3419
2896	3419
3128	3419
3276	3419
3300	3419
3507	3419
3699	3419
3927	3419
4065	3419
4089	3419
4326	3419
4360	3419
4393	3419
4452	3419
4467	3419
4529	3419
4535	3419
4557	3419
4630	3419
361	2406
1766	84
4258	2840
4635	1085
64	289
4177	1141
3777	775
3759	3116
2401	2398
3634	1859
1186	3106
2570	3106
3793	838
226	3834
5047	4831
207	133
1001	133
1004	133
2999	133
4839	133
1821	4478
428	1163
1496	1482
2472	1482
3643	1482
4911	1482
2259	2275
2506	4386
4754	4386
782	469
934	469
5106	469
2444	265
3	2597
824	2597
1653	2597
1584	3825
2055	2046
2860	2046
4822	1065
991	4484
1987	4715
4731	4715
4096	3583
2880	2315
3694	2315
4472	2315
4694	2315
1002	238
4110	238
5088	238
1044	767
188	169
3039	169
424	5089
1406	5089
1281	826
2112	826
3451	826
559	1795
239	132
632	132
856	132
1901	132
2787	132
3692	132
2758	2085
841	5051
954	624
2320	624
3503	624
3792	624
2035	1014
2043	1014
3466	1014
5017	1045
1735	1609
2888	1609
2898	1609
4446	1609
4451	1609
4802	1790
193	2764
1614	2764
2868	2764
2979	2764
3732	2764
5010	2764
175	2871
4708	2871
2962	3878
4852	3878
2102	2916
5110	2916
206	214
2057	214
5122	214
134	899
4466	1887
4174	2058
1037	3306
1199	3306
2968	3306
3309	3306
4555	3306
251	467
346	467
364	467
1631	467
2685	467
2458	4032
367	677
369	677
394	677
2402	4144
2668	4144
3570	4144
3933	4144
4595	4144
1177	3332
1467	3332
3292	3332
3397	3332
3412	3332
3926	3332
3415	2225
932	2188
342	2797
3066	2797
57	4544
4939	4544
2675	2436
4545	2436
1958	2246
3017	2246
3365	2246
758	2735
4183	2735
2674	2702
3284	2702
1350	4270
2817	4270
3177	4270
3313	4270
3322	4270
4141	4270
60	4278
414	4278
596	4278
685	4278
712	4278
1078	4278
2030	4278
2193	4278
2631	4278
2652	4278
3188	4278
3598	4278
3930	4278
4259	4278
4293	4278
4378	4278
185	1203
1323	1203
275	3373
376	3373
389	3373
1119	3373
1127	3373
1442	3373
1678	3373
1870	3373
1918	3373
1942	3373
2471	3373
2589	3373
2833	3373
3252	3373
3262	3373
3341	3373
3642	3373
3944	3373
4002	3373
4264	3373
4313	3373
4633	3373
4667	3373
1217	705
1504	705
1510	705
2206	4688
2598	4688
433	615
1222	615
1339	615
2457	615
2890	615
3138	615
3277	615
3751	615
4157	615
5058	615
1332	3416
518	3928
2670	3928
573	317
2150	317
2625	317
4147	317
598	1696
4978	1696
569	2283
2101	2283
2407	4020
269	3701
642	3701
1717	2616
3091	2616
4054	2616
4185	2616
4828	2616
4928	2616
5012	2616
4407	4741
48	1910
2148	1910
623	2018
1362	2018
1733	2018
2582	2018
2767	2018
3488	2018
4553	2018
2808	2884
1500	2104
3043	2104
4184	2104
902	636
1038	636
4509	636
4533	636
2162	22
2229	22
2405	22
2579	22
2725	22
3410	22
4280	22
3876	2196
2774	3385
1869	4050
3646	4050
4334	4050
4073	249
4220	249
521	281
1016	281
1048	281
1088	281
1374	281
1601	281
2120	281
2202	281
2754	281
3075	281
4097	281
4328	281
4997	281
195	5038
659	5038
776	5038
806	5038
854	5038
1010	5038
1241	5038
1589	5038
1959	5038
2292	5038
2683	5038
2877	5038
3287	5038
3697	5038
3810	5038
4079	5038
4710	5038
1827	3093
3083	3093
3061	3906
4949	3906
2205	5056
2061	774
2600	774
1575	5080
1868	5080
3037	5080
3095	5080
3495	5080
2200	4287
3387	485
223	2889
3717	3712
780	4857
46	1290
104	1290
136	1290
499	1290
946	1290
1046	1290
2230	1290
2355	1290
2425	1290
2508	1290
2992	1290
4205	1290
4607	1290
4796	1290
4811	1290
5045	1290
5092	1290
5126	1290
2483	4647
4256	4647
5000	1810
354	4406
1029	4406
1145	4406
2258	4406
2628	4406
3998	4406
4885	4406
4993	4406
2039	212
4512	212
4562	88
1808	2189
1006	1303
2879	4541
3814	4541
1184	19
2220	19
2524	19
3050	19
4526	19
1263	561
1276	561
3650	3497
1849	4725
3421	4725
4522	3403
2887	2209
3912	2209
194	1476
822	1476
3149	1476
2050	4542
718	1543
4986	1543
158	3065
168	3065
2184	3065
1967	143
2869	143
4615	143
4788	537
4390	1397
4612	1404
4858	1404
4832	1817
1336	2532
1745	2532
2199	2532
3048	2532
3428	2532
208	2547
4377	2547
821	1524
2894	1524
4243	1524
843	1974
1736	1974
4349	1974
5046	2957
1874	2168
1284	2158
2287	2158
2446	2158
2501	2158
4019	2651
5023	2982
216	1401
3824	831
2990	2907
3870	2907
3602	320
848	2016
987	2016
3778	2768
3975	2768
4405	2768
479	4868
492	4868
1871	4868
3698	4868
4938	1896
199	543
1804	543
2286	543
2523	543
2636	543
3822	543
4028	543
4248	543
2576	2303
2749	2303
3533	2303
3606	2303
4735	2303
273	3291
2353	3291
2245	1889
2378	1889
4935	1889
2671	4969
3962	4969
1864	211
2324	211
2526	211
2554	211
3195	211
3325	211
4384	211
4540	245
883	213
1998	213
4372	2538
77	187
2680	187
3813	187
4411	187
1450	2019
1719	2019
2429	2019
3831	2019
5011	2019
2449	2786
3844	2786
771	5086
1102	5086
2335	5086
2658	5086
3474	5086
1472	814
766	4963
1478	4963
2423	4963
4352	4963
1576	226
221	207
440	207
943	207
995	207
1061	207
1791	207
2066	207
3696	207
4206	207
4558	207
4789	207
4791	207
2071	1001
2881	424
5042	424
2637	3451
3631	3451
711	2407
978	2407
1375	2407
3470	2407
3492	2407
4739	2407
4752	2407
1529	269
698	1717
727	1717
4053	1717
