Cell	Parent
5085	-1
4982	5085
4888	4982
5105	4888
5072	5105
5111	5072
5100	5111
5103	5100
4971	5103
5077	4971
5098	5077
5123	5098
5118	5123
5112	5118
5101	5112
5083	5101
5075	5083
5036	5075
5070	5036
5025	5070
5113	5025
5124	5113
5087	5124
5057	5087
5028	5057
4975	5028
4967	4975
5071	4967
5052	5071
5050	5052
4989	5050
5119	4989
5115	5119
5108	5115
5094	5108
5069	5094
5086	5069
5084	5086
4965	5084
5060	4965
5081	5060
5066	5081
5022	5066
5063	5022
5121	5063
5125	5121
5116	5125
5107	5116
5106	5107
5114	5106
5127	5114
5117	5127
5046	5117
5091	5046
5082	5091
5051	5082
5092	5051
5093	5092
5090	5093
5089	5090
5088	5089
5054	5088
5058	5054
5122	5058
5110	5122
5056	5110
5126	5056
5097	5126
4821	5097
4949	4821
5068	4949
5010	5068
5030	5010
4868	5030
5055	4868
5049	5055
5048	5049
5045	5048
5037	5045
5042	5037
5034	5042
5031	5034
5026	5031
4857	5026
5047	4857
5038	5047
5017	5038
4980	5017
5099	4980
5064	5099
5006	5064
5120	5006
4904	5120
5040	4904
5029	5040
5104	5029
5078	5104
5062	5078
5015	5062
4960	5015
4948	4960
5067	4948
5109	5067
4936	5109
4973	4936
5007	4973
4796	5007
4750	4796
4970	4750
4964	4970
4775	4964
5076	4775
4859	5076
4848	4859
4835	4848
4847	4835
5074	4847
4862	5074
4843	4862
4831	4843
4828	4831
4822	4828
5013	4822
5059	5013
5043	5059
5023	5043
5020	5023
5016	5020
4962	5016
5095	4962
4954	5095
4953	4954
4952	4953
4938	4952
4926	4938
4939	4926
5080	4939
5096	5080
4998	5096
4910	4998
4932	4910
4969	4932
4963	4969
4959	4963
4945	4959
4928	4945
4874	4928
4911	4874
4924	4911
5002	4924
4923	5002
4999	4923
5032	4999
5024	5032
4894	5024
5005	4894
4896	5005
4884	4896
4879	4884
4806	4879
4869	4806
4838	4869
5009	4838
4767	5009
4743	4767
4795	4743
4830	4795
4819	4830
4824	4819
4804	4824
4798	4804
4771	4798
4774	4771
4902	4774
4882	4902
4890	4882
4992	4890
5001	4992
5004	5001
5102	5004
4993	5102
4895	4993
4836	4895
4768	4836
4656	4768
4978	4656
4968	4978
4946	4968
4986	4946
4908	4986
4665	4908
4909	4665
4813	4909
4725	4813
4723	4725
4758	4723
5041	4758
5019	5041
5027	5019
5021	5027
5018	5021
5014	5018
5011	5014
5008	5011
4961	5008
4955	4961
4940	4955
4996	4940
4947	4996
4905	4947
4925	4905
4640	4925
4892	4640
4919	4892
4657	4919
4833	4657
5039	4833
4985	5039
4979	4985
4900	4979
4941	4900
4907	4941
4885	4907
4995	4885
4994	4995
4976	4994
4922	4976
4881	4922
4991	4881
4906	4991
4886	4906
4878	4886
4956	4878
4754	4956
4641	4754
4648	4641
4627	4648
4579	4627
4735	4579
4762	4735
4660	4762
4649	4660
4990	4649
4863	4990
4785	4863
4951	4785
4918	4951
4984	4918
4958	4984
4873	4958
4916	4873
4957	4916
4997	4957
4966	4997
4981	4966
4988	4981
4983	4988
4931	4983
4977	4931
4972	4977
5044	4972
5065	5044
4756	5065
4810	4756
4856	4810
4842	4856
4891	4842
4818	4891
4875	4818
4815	4875
4864	4815
4793	4864
4855	4793
4880	4855
4733	4880
4696	4733
4761	4696
4765	4761
4705	4765
4889	4705
4854	4889
4794	4854
4759	4794
4709	4759
4742	4709
4740	4742
4728	4740
4783	4728
4751	4783
4814	4751
4860	4814
4846	4860
4845	4846
4844	4845
4827	4844
4812	4827
4808	4812
4616	4808
4782	4616
5053	4782
5003	5053
5079	5003
4893	5079
4887	4893
5000	4887
4950	5000
4942	4950
4826	4942
4917	4826
4913	4917
4866	4913
4867	4866
4801	4867
4834	4801
4731	4834
4720	4731
4807	4720
4817	4807
5012	4817
4840	5012
4935	4840
4852	4935
4853	4852
4825	4853
4861	4825
4858	4861
4865	4858
4849	4865
4823	4849
4816	4823
4841	4816
5035	4841
4791	5035
4811	4791
4803	4811
4851	4803
4788	4851
4594	4788
4805	4594
4850	4805
4746	4850
4713	4746
4729	4713
4797	4729
4769	4797
4708	4769
4722	4708
4644	4722
4473	4644
4780	4473
4672	4780
4511	4672
4663	4511
4436	4663
4643	4436
4602	4643
4706	4602
4738	4706
4715	4738
4749	4715
4683	4749
4676	4683
4633	4676
4870	4633
4912	4870
4883	4912
4772	4883
4784	4772
4734	4784
4753	4734
4871	4753
4914	4871
4934	4914
4929	4934
4809	4929
4634	4809
4548	4634
4666	4548
4876	4666
4760	4876
4799	4760
4581	4799
4773	4581
4872	4773
4920	4872
4764	4920
4712	4764
4730	4712
4687	4730
4744	4687
4664	4744
4724	4664
4556	4724
4650	4556
4737	4650
4645	4737
4531	4645
4721	4531
4631	4721
4502	4631
4517	4502
4635	4517
4603	4635
4766	4603
4535	4766
4480	4535
4477	4480
4432	4477
4630	4432
4632	4630
4549	4632
4636	4549
4701	4636
4790	4701
4787	4790
4820	4787
4802	4820
4792	4802
4732	4792
4839	4732
4832	4839
4580	4832
4684	4580
4454	4684
4800	4454
4786	4800
4739	4786
4781	4739
4779	4781
4671	4779
4678	4671
4604	4678
4600	4604
4789	4600
4763	4789
4716	4763
4694	4716
4587	4694
4472	4587
4457	4472
4553	4457
4562	4553
4692	4562
4512	4692
4612	4512
4667	4612
4615	4667
4599	4615
4519	4599
4610	4519
4593	4610
4539	4593
4537	4539
4532	4537
4489	4532
4485	4489
4411	4485
4407	4411
4424	4407
4391	4424
4386	4391
4481	4386
4574	4481
4573	4574
4524	4573
4522	4524
4466	4522
4461	4466
4585	4461
4595	4585
4777	4595
4776	4777
4654	4776
4659	4654
4652	4659
4642	4652
4572	4642
4747	4572
4770	4747
4711	4770
4700	4711
4693	4700
4741	4693
4690	4741
4837	4690
4614	4837
4778	4614
4718	4778
4699	4718
4719	4699
4703	4719
4717	4703
4726	4717
4714	4726
4675	4714
4680	4675
4670	4680
4707	4670
4702	4707
4710	4702
4679	4710
4567	4679
4387	4567
4121	4387
4618	4121
4686	4618
4685	4686
4592	4685
4673	4592
4697	4673
4617	4697
4689	4617
4757	4689
4974	4757
4927	4974
4930	4927
4921	4930
4601	4921
4681	4601
4691	4681
4658	4691
4653	4658
4752	4653
4661	4752
4655	4661
4629	4655
4748	4629
4646	4748
4688	4646
4674	4688
4620	4674
4583	4620
4558	4583
4589	4558
4514	4589
4525	4514
4668	4525
4605	4668
4608	4605
4520	4608
4597	4520
4563	4597
4508	4563
4414	4508
4496	4414
4523	4496
4543	4523
4736	4543
4829	4736
4903	4829
5033	4903
4755	5033
4639	4755
4566	4639
4745	4566
4544	4745
4547	4544
4431	4547
4534	4431
4624	4534
4444	4624
4403	4444
4478	4403
4385	4478
4561	4385
4497	4561
4564	4497
4576	4564
4571	4576
4669	4571
4584	4669
4619	4584
4682	4619
4611	4682
4596	4611
4607	4596
4613	4607
4677	4613
4704	4677
4609	4704
4570	4609
4455	4570
4465	4455
4350	4465
4322	4350
4590	4322
4598	4590
4545	4598
4527	4545
4390	4527
4462	4390
4542	4462
4540	4542
4377	4540
4378	4377
4380	4378
4458	4380
4453	4458
4367	4453
4438	4367
4110	4438
4349	4110
4382	4349
4591	4382
4569	4591
4467	4569
4568	4467
4460	4568
4443	4460
4381	4443
4361	4381
4124	4361
4449	4124
4372	4449
4445	4372
4375	4445
4371	4375
4541	4371
4427	4541
4434	4427
4510	4434
4346	4510
4341	4346
4332	4341
4324	4332
4270	4324
4420	4270
4621	4420
4552	4621
4503	4552
4476	4503
4419	4476
4373	4419
4299	4373
4334	4299
4528	4334
4625	4528
4488	4625
4413	4488
4491	4413
4486	4491
4577	4486
4493	4577
4507	4493
4637	4507
4623	4637
4529	4623
4360	4529
4565	4360
4526	4565
4450	4526
4437	4450
4425	4437
4429	4425
4418	4429
4343	4418
4509	4343
4402	4509
4415	4402
4374	4415
4342	4374
4340	4342
4329	4340
4291	4329
4313	4291
4483	4313
4252	4483
4220	4252
4554	4220
4494	4554
4557	4494
4578	4557
4536	4578
4495	4536
4506	4495
4487	4506
4394	4487
4559	4394
4560	4559
4441	4560
4416	4441
4423	4416
4530	4423
4504	4530
4492	4504
4474	4492
4447	4474
4392	4447
4389	4392
4379	4389
4442	4379
4452	4442
4439	4452
4393	4439
4401	4393
4395	4401
4499	4395
4433	4499
4408	4433
4421	4408
4551	4421
4400	4551
4398	4400
4366	4398
4533	4366
4586	4533
4456	4586
4464	4456
4406	4464
4459	4406
4606	4459
4582	4606
4521	4582
4463	4521
4626	4463
4538	4626
4471	4538
4396	4471
4347	4396
4575	4347
4160	4575
4311	4160
4405	4311
4369	4405
4338	4369
4410	4338
4344	4410
4298	4344
4248	4298
4327	4248
4320	4327
4335	4320
4399	4335
4404	4399
4176	4404
4174	4176
4287	4174
4216	4287
4319	4216
4312	4319
4422	4312
4306	4422
4310	4306
4309	4310
4255	4309
4237	4255
4250	4237
4182	4250
4364	4182
4357	4364
4308	4357
4251	4308
4300	4251
4292	4300
4280	4292
4245	4280
4258	4245
4281	4258
4284	4281
4288	4284
4254	4288
4448	4254
4383	4448
4303	4383
4356	4303
4233	4356
4317	4233
4365	4317
4283	4365
4118	4283
3920	4118
4119	3920
4143	4119
4325	4143
4409	4325
4362	4409
4339	4362
4337	4339
4294	4337
4315	4294
4328	4315
4314	4328
4231	4314
4412	4231
4546	4412
4490	4546
4276	4490
4331	4276
4358	4331
4397	4358
4265	4397
4263	4265
4262	4263
4232	4262
4259	4232
4122	4259
4242	4122
4428	4242
4307	4428
4435	4307
4426	4435
4355	4426
4199	4355
4229	4199
4178	4229
4149	4178
4113	4149
4057	4113
4052	4057
4048	4052
4368	4048
4479	4368
4234	4479
4261	4234
4268	4261
4274	4268
4275	4274
4272	4275
4273	4272
4260	4273
4336	4260
4430	4336
4302	4430
4301	4302
4297	4301
4253	4297
4183	4253
4323	4183
4093	4323
4330	4093
4417	4330
4305	4417
4256	4305
4295	4256
3997	4295
4140	3997
4384	4140
4271	4384
4277	4271
4209	4277
4247	4209
4264	4247
4196	4264
4198	4196
4187	4198
4175	4187
4148	4175
4267	4148
4158	4267
4189	4158
4150	4189
4141	4150
4051	4141
4040	4051
4029	4040
4050	4029
4213	4050
4224	4213
4236	4224
4278	4236
4286	4278
4289	4286
4285	4289
4225	4285
4249	4225
4221	4249
4162	4221
4147	4162
4180	4147
4177	4180
4157	4177
4185	4157
4184	4185
4166	4184
4243	4166
4370	4243
4352	4370
4096	4352
4012	4096
4106	4012
4238	4106
4206	4238
4165	4206
4169	4165
4103	4169
4230	4103
4363	4230
4167	4363
4204	4167
4550	4204
4451	4550
4516	4451
4470	4516
4469	4470
4484	4469
4518	4484
4440	4518
4446	4440
4348	4446
4203	4348
4388	4203
4351	4388
4376	4351
4083	4376
4109	4083
3935	4109
3900	3935
4128	3900
4555	4128
4130	4555
4155	4130
4214	4155
4210	4214
4161	4210
4078	4161
4101	4078
4266	4101
4222	4266
4087	4222
4114	4087
4142	4114
4125	4142
4468	4125
4117	4468
3948	4117
3941	3948
4070	3941
3973	4070
4359	3973
4120	4359
4129	4120
4066	4129
4107	4066
4172	4107
4164	4172
4127	4164
4126	4127
4099	4126
4123	4099
4063	4123
4071	4063
4092	4071
4108	4092
4134	4108
4244	4134
4219	4244
4188	4219
4067	4188
4053	4067
4077	4053
3994	4077
4171	3994
4186	4171
4137	4186
4152	4137
4193	4152
4144	4193
4135	4144
4104	4135
4191	4104
4030	4191
4098	4030
4168	4098
4228	4168
4097	4228
4076	4097
4075	4076
3971	4075
3946	3971
3954	3946
3952	3954
3966	3952
4163	3966
4223	4163
4304	4223
4207	4304
4146	4207
4084	4146
3989	4084
3998	3989
3923	3998
3762	3923
3995	3762
4239	3995
4139	4239
3984	4139
4145	3984
4136	4145
4094	4136
4079	4094
4138	4079
3992	4138
3939	3992
3936	3939
4090	3936
4065	4090
4042	4065
4032	4042
4005	4032
3980	4005
3776	3980
4038	3776
4217	4038
4023	4217
4011	4023
4159	4011
4086	4159
4046	4086
3959	4046
3985	3959
4004	3985
4006	4004
3996	4006
4036	3996
4102	4036
4218	4102
4151	4218
4201	4151
3957	4201
4131	3957
3972	4131
3928	3972
3950	3928
3947	3950
4020	3947
4031	4020
4202	4031
4027	4202
3991	4027
4088	3991
4061	4088
4111	4061
4049	4111
4047	4049
4016	4047
3949	4016
4014	3949
3876	4014
3970	3876
3962	3970
3829	3962
3749	3829
3988	3749
3982	3988
3648	3982
3647	3648
3925	3647
4156	3925
4009	4156
3979	4009
3976	3979
3628	3976
3791	3628
3993	3791
4002	3993
3977	4002
3933	3977
4019	3933
4001	4019
3983	4001
3943	3983
4073	3943
3898	4073
3944	3898
4082	3944
3911	4082
3912	3911
3908	3912
3844	3908
3828	3844
3848	3828
3858	3848
4588	3858
3906	4588
4179	3906
4024	4179
4112	4024
3899	4112
3873	3899
3990	3873
4205	3990
4074	4205
4089	4074
3969	4089
4116	3969
4353	4116
4100	4353
4081	4100
3841	4081
4095	3841
3891	4095
3850	3891
3879	3850
3964	3879
3916	3964
3872	3916
4091	3872
3893	4091
3902	3893
3921	3902
3987	3921
3909	3987
3904	3909
3883	3904
3903	3883
3880	3903
3826	3880
3875	3826
3854	3875
3897	3854
3890	3897
3930	3890
3753	3930
3748	3753
3680	3748
3675	3680
3644	3675
3740	3644
3888	3740
3961	3888
3695	3961
3819	3695
3781	3819
3871	3781
3865	3871
3710	3865
3815	3710
3838	3815
3832	3838
3818	3832
3799	3818
3825	3799
3793	3825
3878	3793
3817	3878
3824	3817
4072	3824
3938	4072
3975	3938
3650	3975
3827	3650
3907	3827
3870	3907
3859	3870
3845	3859
3813	3845
3837	3813
3886	3837
3822	3886
3812	3822
3814	3812
3884	3814
3889	3884
3937	3889
3881	3937
3896	3881
3761	3896
3929	3761
3926	3929
3687	3926
3631	3687
3733	3631
4194	3733
3981	4194
3922	3981
3960	3922
3667	3960
3691	3667
3669	3691
3755	3669
3671	3755
3683	3671
3945	3683
3924	3945
4021	3924
4026	4021
3867	4026
3726	3867
3785	3726
3940	3785
3768	3940
3932	3768
3780	3932
3752	3780
3895	3752
3679	3895
3670	3679
3630	3670
3676	3630
3664	3676
3666	3664
3913	3666
4007	3913
3953	4007
3965	3953
4010	3965
3955	4010
3951	3955
3917	3951
3942	3917
3915	3942
3661	3915
3651	3661
3659	3651
3831	3659
3777	3831
3843	3777
3765	3843
3882	3765
3849	3882
3787	3849
3751	3787
3709	3751
3727	3709
3506	3727
3696	3506
3810	3696
3811	3810
3800	3811
3747	3800
3894	3747
3763	3894
3759	3763
3602	3759
3640	3602
4054	3640
4044	4054
3775	4044
3978	3775
3672	3978
4008	3672
3603	4008
3424	3603
3381	3424
3600	3381
3642	3600
3570	3642
3583	3570
3646	3583
3705	3646
3919	3705
3645	3919
3627	3645
3594	3627
3571	3594
3574	3571
3565	3574
3552	3565
3417	3552
3338	3417
3302	3338
3439	3302
3542	3439
3639	3542
3638	3639
3665	3638
3790	3665
4018	3790
3974	4018
4080	3974
3874	4080
3968	3874
3863	3968
3956	3863
3712	3956
3732	3712
3857	3732
3856	3857
3851	3856
3834	3851
3562	3834
3835	3562
3885	3835
3798	3885
3782	3798
3736	3782
3668	3736
3681	3668
3746	3681
3678	3746
3612	3678
3606	3612
3611	3606
3632	3611
3771	3632
3784	3771
3792	3784
3802	3792
3805	3802
3796	3805
3779	3796
3821	3779
3846	3821
3820	3846
3842	3820
3804	3842
3836	3804
3853	3836
3934	3853
3905	3934
3862	3905
3861	3862
3918	3861
3914	3918
3868	3914
3910	3868
3689	3910
3635	3689
3869	3635
3737	3869
3685	3737
3641	3685
3616	3641
3931	3616
3636	3931
3626	3636
3411	3626
3624	3411
3662	3624
3591	3662
3625	3591
3754	3625
4115	3754
4105	4115
3963	4105
3927	3963
3830	3927
3719	3830
3786	3719
3860	3786
3809	3860
3766	3809
3708	3766
3757	3708
3807	3757
3772	3807
3756	3772
3741	3756
3901	3741
3743	3901
3686	3743
3674	3686
3663	3674
3684	3663
3673	3684
3656	3673
3653	3656
3637	3653
3563	3637
3550	3563
3658	3550
3556	3658
3607	3556
3623	3607
3615	3623
3657	3615
3654	3657
3549	3654
3599	3549
3730	3599
3760	3730
3877	3760
3788	3877
3833	3788
3823	3833
3731	3823
3725	3731
3795	3725
3738	3795
3711	3738
3722	3711
3739	3722
3573	3739
3622	3573
3614	3622
3590	3614
3584	3590
3516	3584
3579	3516
3517	3579
3724	3517
3816	3724
3704	3816
3723	3704
3707	3723
3577	3707
3734	3577
3742	3734
3568	3742
3581	3568
3559	3581
3560	3559
3652	3560
3592	3652
3382	3592
3257	3382
3361	3257
3342	3361
3351	3342
3441	3351
3500	3441
3483	3500
3470	3483
3460	3470
3468	3460
3377	3468
3558	3377
3526	3558
3523	3526
3524	3523
3548	3524
3530	3548
3682	3530
3605	3682
3375	3605
3567	3375
3575	3567
3629	3575
3620	3629
3569	3620
3418	3569
3360	3418
3331	3360
3345	3331
3316	3345
3374	3316
3596	3374
3587	3596
3425	3587
3350	3425
3241	3350
3171	3241
3582	3171
3604	3582
3598	3604
3618	3598
3580	3618
3430	3580
3497	3430
3367	3497
3271	3367
3400	3271
3399	3400
3396	3399
3379	3396
3358	3379
3365	3358
3364	3365
3325	3364
3363	3325
3357	3363
3340	3357
3333	3340
3332	3333
3208	3332
3327	3208
3481	3327
3619	3481
3586	3619
3576	3586
3462	3576
3422	3462
3393	3422
3465	3393
3459	3465
3478	3459
3335	3478
3572	3335
3537	3572
3528	3537
3444	3528
3495	3444
3543	3495
3728	3543
3716	3728
3702	3716
3729	3702
3801	3729
3839	3801
3808	3839
3797	3808
3794	3797
3717	3794
3783	3717
3847	3783
3595	3847
3496	3595
3806	3496
3522	3806
3512	3522
3508	3512
3504	3508
3510	3504
3520	3510
3502	3520
3501	3502
3493	3501
3499	3493
3498	3499
3463	3498
3473	3463
3539	3473
3484	3539
3745	3484
3700	3745
3750	3700
3578	3750
3593	3578
3608	3593
3388	3608
3778	3388
3758	3778
3643	3758
3421	3643
3420	3421
3412	3420
3545	3412
3864	3545
4064	3864
3986	4064
3852	3986
3840	3852
3764	3840
3967	3764
3770	3967
3892	3770
3887	3892
4003	3887
3855	4003
3803	3855
3714	3803
3720	3714
3735	3720
3546	3735
3613	3546
3486	3613
3713	3486
3601	3713
3588	3601
3491	3588
3489	3491
3677	3489
3535	3677
3534	3535
3721	3534
3536	3721
3694	3536
3693	3694
3715	3693
3482	3715
3507	3482
3503	3507
3477	3503
3466	3477
3432	3466
3429	3432
2982	3429
3440	2982
3437	3440
3487	3437
3703	3487
3409	3703
3298	3409
3301	3298
3297	3301
3296	3297
3290	3296
3408	3290
3474	3408
3369	3474
3352	3369
3328	3352
3174	3328
3476	3174
3392	3476
3344	3392
3404	3344
3206	3404
3203	3206
3398	3203
3282	3398
3401	3282
3544	3401
3485	3544
3471	3485
3087	3471
3151	3087
3285	3151
3386	3285
3532	3386
3479	3532
3423	3479
3371	3423
3426	3371
3415	3426
3414	3415
3291	3414
3086	3291
3299	3086
3416	3299
3405	3416
3372	3405
3505	3372
3419	3505
3403	3419
3395	3403
3348	3395
3589	3348
3634	3589
3384	3634
3313	3384
3311	3313
3309	3311
3597	3309
3564	3597
3557	3564
3555	3557
3354	3555
3305	3354
3268	3305
3212	3268
3295	3212
3353	3295
3260	3353
3380	3260
3300	3380
3359	3300
3376	3359
3744	3376
3515	3744
3339	3515
3336	3339
3273	3336
3391	3273
3561	3391
3370	3561
3356	3370
3312	3356
3278	3312
3236	3278
3228	3236
3247	3228
3218	3247
3172	3218
3165	3172
3137	3165
3152	3137
3274	3152
3256	3274
3330	3256
3318	3330
3253	3318
3252	3253
3214	3252
3199	3214
3192	3199
3184	3192
3250	3184
3210	3250
3143	3210
3128	3143
3015	3128
3276	3015
3343	3276
3275	3343
3255	3275
3317	3255
3326	3317
3280	3326
3279	3280
3079	3279
3566	3079
3490	3566
3458	3490
3469	3458
3475	3469
3480	3475
3472	3480
3464	3472
3461	3464
3457	3461
3455	3457
3452	3455
3456	3452
3449	3456
3467	3449
3701	3467
3699	3701
3697	3699
3706	3697
3698	3706
3692	3698
3547	3692
3538	3547
3531	3538
3525	3531
3514	3525
3337	3514
3407	3337
3389	3407
3320	3389
3319	3320
3308	3319
3283	3308
3235	3283
2950	3235
3410	2950
3334	3410
2991	3334
3511	2991
3540	3511
3533	3540
3541	3533
3529	3541
3527	3529
3494	3527
3492	3494
3451	3492
3450	3451
3443	3450
3442	3443
3434	3442
3315	3434
3518	3315
3074	3518
3445	3074
3513	3445
3554	3513
3551	3554
3553	3551
3609	3553
3585	3609
3397	3585
3387	3397
3355	3387
3347	3355
3362	3347
3341	3362
3488	3341
3385	3488
3383	3385
3349	3383
3368	3349
3323	3368
3304	3323
3294	3304
3303	3294
3262	3303
3288	3262
3277	3288
3258	3277
3261	3258
3190	3261
3183	3190
3182	3183
3179	3182
3176	3179
2934	3176
3215	2934
3233	3215
3213	3233
3207	3213
3120	3207
3254	3120
3201	3254
3211	3201
3267	3211
3373	3267
3324	3373
3161	3324
3322	3161
3329	3322
3264	3329
3245	3264
3242	3245
3240	3242
3225	3240
3221	3225
3119	3221
3168	3119
3157	3168
3163	3157
3116	3163
3110	3116
3129	3110
3378	3129
3310	3378
3406	3310
3244	3406
3259	3244
3237	3259
3249	3237
3178	3249
3142	3178
3042	3142
3202	3042
3196	3202
3145	3196
3321	3145
3251	3321
3166	3251
3177	3166
3000	3177
2943	3000
3004	2943
2927	3004
2928	2927
3060	2928
3059	3060
3112	3059
3314	3112
3446	3314
3090	3446
3232	3090
3230	3232
3413	3230
3307	3413
3390	3307
3263	3390
3229	3263
3219	3229
3346	3219
3306	3346
3286	3306
3293	3286
3281	3293
3265	3281
3269	3265
3222	3269
3105	3222
3195	3105
3292	3195
3289	3292
3234	3289
3238	3234
3185	3238
3175	3185
3248	3175
3095	3248
3147	3095
3226	3147
3284	3226
3130	3284
3053	3130
3085	3053
3170	3085
3272	3170
3266	3272
3187	3266
3209	3187
3270	3209
3167	3270
3107	3167
3050	3107
3131	3050
3160	3131
3139	3160
3133	3139
3134	3133
3132	3134
3197	3132
3051	3197
2977	3051
3188	2977
3186	3188
3164	3186
3159	3164
3153	3159
3150	3153
3108	3150
3092	3108
3063	3092
3064	3063
3016	3064
2932	3016
3121	2932
3025	3121
3113	3025
3056	3113
3115	3056
3155	3115
3127	3155
3067	3127
2948	3067
2940	2948
3027	2940
3125	3027
3126	3125
3122	3126
3055	3122
3030	3055
2978	3030
2841	2978
2722	2841
2823	2722
3104	2823
3029	3104
3026	3029
3019	3026
2972	3019
2736	2972
2807	2736
2754	2807
2726	2754
3101	2726
2980	3101
2851	2980
3024	2851
2813	3024
2830	2813
2742	2830
2734	2742
2733	2734
2624	2733
2846	2624
2718	2846
2715	2718
2815	2715
3109	2815
3140	3109
3012	3140
3204	3012
3193	3204
3146	3193
3144	3146
3189	3144
3036	3189
3058	3036
2995	3058
3099	2995
3138	3099
2996	3138
2999	2996
3066	2999
3149	3066
3091	3149
2949	3091
2924	2949
2868	2924
2957	2868
3072	2957
3070	3072
3096	3070
3191	3096
3103	3191
3034	3103
3141	3034
2854	3141
2848	2854
2921	2848
2808	2921
2951	2808
3018	2951
3114	3018
3106	3114
3224	3106
3173	3224
3156	3173
3118	3156
3009	3118
3098	3009
3093	3098
2849	3093
3111	2849
3022	3111
3031	3022
2986	3031
3045	2986
2969	3045
2834	2969
2840	2834
2858	2840
2843	2858
2831	2843
2809	2831
2574	2809
2571	2574
2570	2571
2829	2570
2853	2829
2945	2853
3084	2945
3047	3084
3069	3047
3040	3069
2973	3040
2970	2973
3046	2970
3148	3046
2964	3148
2939	2964
3061	2939
3076	3061
3102	3076
3083	3102
3017	3083
3014	3017
2917	3014
3021	2917
3003	3021
2984	3003
2942	2984
2955	2942
2901	2955
2877	2901
2931	2877
3089	2931
3088	3089
2946	3088
2947	2946
2968	2947
2937	2968
2971	2937
2992	2971
3287	2992
2944	3287
2881	2944
3054	2881
3039	3054
3071	3039
2990	3071
2985	2990
2979	2985
3077	2979
3065	3077
3001	3065
2923	3001
2916	2923
2956	2916
2899	2956
2895	2899
2871	2895
2907	2871
2925	2907
2920	2925
2913	2920
2953	2913
2908	2953
2797	2908
2799	2797
3436	2799
3448	3436
3453	3448
3454	3453
3435	3454
3427	3435
3075	3427
3438	3075
3447	3438
3433	3447
3431	3433
3428	3431
3080	3428
3011	3080
3078	3011
2994	3078
2965	2994
3037	2965
2987	3037
2976	2987
2981	2976
2941	2981
2963	2941
2919	2963
2902	2919
3035	2902
3002	3035
3044	3002
3073	3044
2954	3073
2967	2954
3007	2967
2998	3007
2988	2998
3136	2988
3048	3136
3062	3048
3008	3062
2938	3008
3005	2938
2960	3005
2930	2960
2926	2930
2933	2926
2961	2933
2936	2961
2935	2936
2929	2935
2874	2929
2885	2874
2962	2885
3043	2962
2914	3043
2801	2914
2768	2801
3038	2768
3082	3038
3041	3082
2974	3041
2922	2974
2910	2922
2900	2910
2898	2900
2893	2898
2880	2893
2896	2880
2876	2896
2918	2876
2894	2918
2878	2894
2911	2878
2993	2911
2958	2993
2887	2958
3006	2887
2906	3006
2825	2906
2850	2825
2897	2850
2859	2897
2872	2859
2975	2872
2912	2975
2903	2912
2775	2903
2863	2775
2915	2863
2784	2915
2803	2784
2789	2803
2777	2789
2681	2777
2686	2681
2845	2686
2832	2845
2717	2832
2806	2717
2745	2806
2794	2745
2679	2794
2766	2679
2757	2766
2524	2757
2517	2524
2599	2517
2680	2599
2604	2680
2579	2604
2710	2579
2591	2710
2882	2591
3052	2882
3049	3052
3057	3049
3081	3057
3013	3081
2798	3013
2839	2798
2741	2839
2740	2741
2721	2740
2714	2721
2704	2714
2699	2704
2698	2699
2700	2698
2639	2700
2590	2639
3117	2590
3068	3117
2783	3068
2725	2783
2833	2725
2716	2833
2811	2716
2653	2811
2650	2653
2636	2650
2629	2636
2615	2629
2646	2615
2892	2646
2728	2892
2642	2728
2814	2642
2572	2814
2826	2572
2753	2826
2904	2753
2952	2904
2836	2952
3033	2836
2844	3033
2852	2844
2596	2852
2575	2596
2856	2575
3028	2856
2792	3028
2838	2792
2837	2838
2835	2837
2812	2835
2737	2812
2719	2737
2658	2719
2732	2658
2781	2732
2573	2781
2549	2573
2541	2549
2603	2541
2810	2603
2827	2810
2805	2827
2630	2805
2576	2630
2584	2576
2855	2584
2883	2855
2790	2883
2822	2790
2828	2822
2778	2828
2708	2778
2712	2708
2707	2712
2842	2707
2820	2842
2817	2820
2723	2817
2678	2723
2625	2678
2621	2625
2607	2621
2339	2607
2583	2339
2577	2583
2468	2577
3032	2468
2688	3032
2631	2688
2694	2631
2763	2694
2800	2763
2867	2800
2870	2867
2905	2870
2866	2905
2779	2866
2685	2779
2628	2685
2693	2628
2909	2693
2884	2909
2720	2884
2755	2720
2818	2755
2816	2818
2747	2816
2691	2747
2622	2691
2651	2622
2709	2651
2743	2709
2705	2743
2638	2705
2635	2638
2749	2635
2687	2749
2989	2687
3010	2989
2983	3010
2959	2983
2886	2959
2857	2886
2793	2857
2735	2793
2684	2735
2692	2684
2673	2692
2626	2673
2623	2626
2750	2623
2655	2750
2643	2655
2581	2643
2553	2581
2502	2553
2695	2502
2666	2695
2654	2666
2648	2654
2619	2648
2490	2619
2518	2490
2475	2518
2352	2475
2595	2352
2594	2595
2539	2594
2555	2539
2530	2555
2543	2530
2674	2543
2667	2674
2664	2667
2659	2664
2873	2659
2782	2873
2356	2782
2669	2356
2861	2669
2802	2861
2689	2802
2610	2689
2796	2610
2761	2796
2670	2761
2791	2670
2890	2791
2879	2890
2774	2879
2795	2774
2804	2795
2701	2804
2772	2701
2767	2772
2662	2767
2605	2662
2525	2605
2522	2525
2531	2522
2616	2531
2632	2616
2785	2632
2764	2785
2762	2764
2683	2762
2562	2683
2633	2562
2888	2633
2889	2888
2862	2889
2770	2862
2758	2770
2706	2758
2676	2706
2677	2676
2668	2677
2552	2668
2479	2552
2891	2479
2546	2891
2511	2546
2612	2511
2634	2612
2609	2634
2600	2609
2585	2600
2521	2585
2527	2521
2569	2527
2582	2569
2606	2582
2580	2606
2520	2580
2501	2520
2453	2501
2472	2453
2459	2472
2456	2459
2429	2456
2613	2429
2780	2613
2776	2780
2682	2776
2819	2682
2824	2819
2786	2824
2773	2786
2690	2773
2561	2690
2652	2561
2567	2652
2563	2567
2598	2563
2587	2598
2568	2587
2578	2568
2565	2578
2512	2565
2498	2512
2564	2498
2535	2564
2419	2535
2474	2419
2470	2474
2485	2470
2554	2485
2551	2554
2504	2551
2500	2504
2283	2500
2487	2283
2477	2487
2406	2477
2464	2406
2423	2464
2508	2423
2495	2508
2443	2495
2306	2443
2448	2306
2496	2448
2506	2496
2589	2506
2769	2589
2875	2769
2865	2875
2864	2865
2759	2864
2547	2759
2540	2547
2675	2540
2860	2675
2869	2860
2787	2869
2765	2787
2760	2765
2075	2760
2085	2075
2446	2085
2312	2446
2449	2312
2481	2449
2467	2481
2466	2467
2401	2466
2286	2401
2281	2286
2397	2281
2405	2397
2484	2405
2601	2484
2586	2601
2544	2586
2558	2544
2460	2558
2420	2460
2290	2420
2251	2290
2454	2251
2376	2454
2378	2376
2278	2378
2364	2278
2229	2364
2260	2229
2243	2260
2214	2243
1934	2214
2028	1934
2277	2028
2557	2277
2661	2557
2696	2661
2492	2696
2499	2492
2542	2499
2593	2542
2588	2593
2493	2588
2486	2493
2458	2486
2463	2458
2427	2463
2452	2427
2455	2452
2442	2455
2445	2442
2436	2445
2489	2436
2400	2489
2435	2400
2399	2435
2395	2399
2385	2395
2334	2385
2440	2334
2257	2440
2288	2257
2271	2288
2295	2271
2284	2295
2215	2284
2202	2215
2336	2202
2480	2336
2264	2480
2380	2264
2413	2380
2394	2413
2391	2394
2382	2391
2293	2382
2276	2293
2272	2276
2483	2272
2497	2483
2528	2497
2476	2528
2432	2476
2592	2432
2647	2592
2608	2647
2657	2608
2366	2657
2523	2366
2618	2523
2418	2618
2412	2418
2516	2412
2514	2516
2509	2514
2602	2509
2548	2602
2560	2548
2534	2560
2465	2534
2519	2465
2537	2519
2372	2537
2526	2372
2536	2526
2660	2536
2371	2660
2326	2371
2355	2326
2471	2355
2330	2471
2197	2330
2611	2197
2533	2611
2409	2533
2296	2409
2513	2296
2550	2513
2597	2550
2457	2597
2447	2457
2444	2447
2425	2444
2566	2425
2529	2566
2422	2529
2415	2422
2559	2415
2461	2559
2494	2461
2469	2494
2398	2469
2392	2398
2451	2392
2255	2451
2239	2255
2237	2239
2194	2237
2139	2194
2148	2139
2206	2148
2211	2206
2182	2211
2172	2182
2204	2172
2268	2204
2421	2268
2240	2421
2235	2240
2256	2235
2233	2256
2208	2233
1941	2208
2151	1941
2424	2151
2322	2424
2196	2322
2404	2196
2403	2404
2402	2403
2389	2402
2221	2389
2227	2221
2266	2227
2292	2266
2287	2292
2275	2287
2230	2275
2262	2230
2223	2262
2113	2223
2344	2113
2482	2344
2377	2482
2375	2377
2363	2375
2462	2363
2285	2462
2152	2285
2165	2152
2104	2165
2077	2104
2090	2077
2342	2090
2788	2342
2771	2788
2656	2771
2348	2656
2672	2348
2367	2672
2361	2367
2360	2361
2545	2360
2369	2545
2374	2369
2353	2374
2308	2353
2337	2308
2313	2337
2311	2313
2333	2311
2343	2333
2357	2343
2327	2357
2473	2327
2365	2473
2441	2365
2437	2441
2426	2437
2345	2426
2350	2345
2358	2350
2491	2358
2359	2491
2349	2359
2354	2349
2341	2354
2332	2341
2328	2332
2190	2328
2294	2190
2417	2294
2299	2417
2279	2299
2171	2279
2108	2171
2064	2108
2063	2064
2088	2063
2305	2088
2082	2305
2079	2082
2321	2079
2314	2321
2310	2314
2309	2310
2301	2309
2307	2301
2099	2307
2096	2099
2050	2096
2150	2050
2450	2150
2340	2450
2317	2340
2665	2317
2411	2665
2373	2411
2351	2373
2323	2351
2335	2323
2329	2335
2298	2329
2297	2298
2226	2297
2199	2226
2478	2199
2428	2478
1965	2428
2213	1965
2210	2213
2207	2210
1948	2207
1960	1948
2407	1960
2265	2407
2242	2265
2187	2242
2325	2187
2346	2325
2319	2346
2302	2319
2320	2302
2300	2320
2304	2300
2303	2304
2103	2303
2080	2103
1981	2080
1834	1981
2663	1834
2671	2663
2556	2671
2515	2556
2507	2515
2538	2507
2510	2538
2316	2510
2503	2316
2505	2503
2347	2505
2338	2347
2153	2338
2318	2153
2185	2318
2106	2185
2053	2106
2076	2053
2073	2076
1990	2073
2056	1990
2209	2056
2173	2209
2195	2173
2193	2195
2488	2193
2532	2488
2324	2532
2184	2324
2370	2184
2331	2370
2315	2331
2094	2315
2081	2094
2087	2081
2095	2087
2069	2095
2035	2069
2071	2035
2074	2071
2105	2074
2101	2105
2086	2101
2072	2086
2068	2072
2061	2068
2065	2061
2040	2065
2049	2040
2057	2049
2042	2057
2036	2042
2024	2036
2029	2024
2055	2029
2046	2055
2037	2046
2009	2037
2168	2009
2254	2168
2433	2254
2383	2433
2282	2383
2273	2282
2269	2273
2259	2269
2368	2259
2252	2368
2205	2252
2188	2205
2225	2188
2245	2225
2189	2245
2158	2189
2160	2158
2131	2160
1969	2131
2231	1969
2236	2231
2163	2236
2159	2163
2156	2159
1962	2156
1944	1962
1968	1944
1956	1968
1920	1956
1914	1920
1881	1914
1833	1881
1862	1833
1879	1862
1898	1879
2016	1898
1970	2016
1946	1970
2119	1946
1912	2119
1909	1912
1939	1909
1959	1939
2154	1959
2178	2154
2031	2178
2044	2031
2379	2044
2017	2379
2083	2017
2060	2083
2025	2060
2004	2025
2093	2004
2155	2093
2100	2155
2248	2100
2175	2248
2098	2175
2126	2098
2258	2126
2228	2258
2253	2228
2137	2253
2241	2137
2181	2241
2128	2181
2145	2128
2244	2145
2274	2244
2238	2274
2180	2238
2143	2180
2138	2143
2132	2138
2092	2132
1840	2092
1926	1840
1836	1926
1936	1836
1924	1936
1687	1924
1938	1687
1980	1938
2176	1980
2162	2176
1933	2162
1925	1933
2232	1925
2191	2232
2170	2191
2362	2170
1954	2362
2249	1954
2179	2249
2250	2179
2280	2250
2246	2280
2201	2246
2192	2201
2186	2192
2177	2186
2174	2177
2127	2174
1964	2127
2200	1964
2198	2200
1891	2198
1882	1891
2030	1882
2054	2030
2052	2054
2045	2052
2149	2045
2114	2149
2022	2114
1982	2022
1977	1982
1929	1977
1868	1929
1850	1868
1972	1850
1993	1972
1991	1993
2034	1991
2038	2034
2039	2038
2091	2039
2220	2091
2097	2220
2066	2097
2089	2066
2067	2089
2048	2067
2047	2048
2043	2047
2041	2043
2032	2041
2058	2032
2015	2058
2021	2015
2070	2021
2161	2070
2219	2161
1971	2219
2078	1971
2247	2078
2222	2247
2167	2222
2166	2167
2117	2166
2157	2117
2133	2157
2124	2133
2136	2124
1848	2136
2007	1848
1957	2007
2110	1957
1958	2110
2020	1958
1961	2020
1888	1961
1860	1888
1880	1860
1940	1880
1910	1940
1869	1910
1947	1869
1894	1947
1916	1894
2261	1916
2270	2261
2109	2270
2267	2109
1963	2267
1835	1963
2291	1835
2218	2291
2183	2218
2135	2183
2102	2135
1966	2102
1937	1966
1932	1937
1911	1932
1780	1911
1770	1780
1764	1770
1854	1764
1773	1854
1758	1773
1602	1758
1808	1602
1874	1808
1849	1874
1895	1849
1952	1895
2118	1952
1942	2118
1950	1942
1935	1950
1913	1935
1907	1913
1900	1907
1889	1900
1930	1889
1922	1930
1973	1922
1949	1973
1955	1949
1917	1955
1856	1917
2123	1856
1908	2123
2164	1908
1904	2164
1883	1904
1838	1883
1857	1838
1903	1857
1782	1903
1998	1782
1918	1998
1872	1918
1919	1872
2019	1919
2018	2019
2014	2018
2010	2014
1987	2010
2001	1987
1992	2001
2002	1992
1821	2002
1810	1821
1818	1810
1897	1818
1996	1897
2013	1996
1830	2013
1832	1830
2062	1832
2000	2062
2011	2000
1999	2011
2012	1999
1989	2012
1979	1989
1976	1979
2008	1976
2003	2008
1985	2003
1983	1985
1858	1983
1866	1858
1877	1866
1853	1877
1864	1853
1867	1864
1951	1867
1831	1951
1809	1831
1828	1809
1803	1828
1789	1803
1788	1789
1761	1788
1839	1761
1820	1839
1769	1820
1931	1769
1890	1931
1759	1890
1682	1759
1655	1682
1765	1655
1852	1765
1837	1852
1847	1837
1841	1847
1775	1841
1824	1775
2027	1824
2051	2027
1861	2051
2006	1861
1986	2006
1905	1986
1886	1905
1899	1886
1863	1899
1953	1863
1893	1953
1567	1893
1843	1567
1975	1843
1927	1975
2084	1927
2005	2084
1892	2005
1873	1892
1878	1873
1855	1878
1844	1855
1812	1844
1668	1812
1750	1668
1692	1750
1783	1692
1661	1783
1637	1661
1846	1637
1876	1846
1827	1876
1795	1827
1766	1795
1786	1766
1806	1786
1804	1806
1777	1804
1901	1777
1988	1901
1870	1988
1865	1870
1815	1865
1829	1815
1719	1829
2059	1719
2033	2059
1792	2033
1738	1792
1813	1738
1623	1813
1613	1623
1712	1613
1740	1712
1817	1740
1995	1817
1997	1995
1994	1997
1984	1994
1978	1984
1842	1978
1826	1842
1825	1826
1798	1825
1717	1798
1736	1717
1706	1736
1604	1706
1396	1604
1584	1396
1732	1584
1629	1732
1741	1629
1697	1741
1634	1697
1630	1634
1625	1630
1728	1625
1784	1728
1887	1784
1754	1887
1751	1754
1742	1751
1711	1742
1774	1711
1793	1774
1709	1793
1816	1709
1729	1816
1713	1729
1689	1713
1654	1689
1945	1654
1822	1945
1921	1822
1646	1921
1875	1646
1760	1875
2023	1760
1928	2023
1859	1928
1696	1859
1672	1696
1664	1672
1658	1664
1779	1658
1776	1779
1781	1776
1691	1781
1644	1691
1635	1644
1845	1635
1731	1845
1743	1731
1633	1743
1814	1633
1748	1814
1819	1748
1733	1819
1800	1733
1708	1800
1811	1708
1974	1811
1871	1974
1801	1871
1794	1801
1790	1794
1577	1790
1746	1577
1609	1746
1588	1609
1542	1588
1521	1542
1536	1521
1632	1536
1747	1632
1745	1747
1791	1745
1735	1791
1594	1735
1723	1594
1593	1723
1614	1593
1710	1614
1636	1710
1620	1636
1617	1620
1645	1617
1718	1645
1823	1718
1797	1823
1802	1797
1744	1802
1726	1744
1568	1726
1727	1568
1684	1727
1666	1684
1650	1666
1656	1650
1643	1656
1642	1643
1512	1642
1324	1512
1509	1324
1554	1509
1906	1554
1739	1906
1772	1739
1752	1772
1702	1752
1686	1702
1596	1686
1543	1596
1753	1543
1700	1753
1611	1700
1665	1611
1768	1665
1663	1768
1681	1663
1499	1681
1462	1499
1511	1462
1923	1511
1756	1923
1722	1756
1884	1722
2026	1884
1771	2026
1767	1771
1762	1767
1720	1762
1714	1720
1676	1714
1673	1676
1670	1673
1659	1670
1600	1659
1506	1600
1638	1506
1451	1638
1569	1451
1586	1569
1628	1586
1619	1628
1627	1619
1573	1627
1716	1573
1805	1716
1724	1805
1721	1724
1796	1721
1730	1796
1624	1730
1631	1624
1626	1631
1612	1626
1601	1612
1541	1601
1571	1541
1381	1571
1560	1381
1558	1560
1737	1558
1597	1737
1610	1597
1466	1610
1419	1466
1391	1419
1606	1391
1581	1606
1559	1581
1807	1559
1618	1807
1621	1618
1605	1621
1799	1605
1590	1799
1582	1590
1579	1582
1715	1579
1479	1715
1725	1479
1598	1725
1787	1598
1694	1787
1707	1694
1648	1707
1478	1648
1476	1478
1482	1476
1190	1482
1310	1190
1493	1310
1366	1493
1296	1366
1330	1296
1583	1330
1265	1583
1322	1265
1501	1322
1763	1501
1678	1763
1553	1678
1513	1553
1608	1513
1561	1608
1488	1561
1690	1488
1502	1690
1489	1502
1435	1489
1538	1435
1480	1538
1649	1480
1639	1649
1580	1639
1458	1580
1450	1458
1539	1450
1443	1539
1284	1443
1201	1284
1334	1201
1307	1334
1124	1307
1447	1124
1452	1447
1448	1452
1446	1448
1453	1446
1495	1453
1651	1495
1641	1651
1517	1641
1500	1517
1491	1500
1454	1491
1490	1454
1492	1490
1345	1492
1464	1345
1445	1464
1436	1445
1484	1436
1463	1484
1514	1463
1486	1514
1778	1486
1657	1778
1508	1657
1504	1508
1510	1504
1503	1510
1455	1503
1344	1455
1353	1344
1473	1353
1342	1473
1757	1342
1755	1757
1705	1755
1685	1705
1653	1685
1368	1653
1298	1368
1565	1298
1555	1565
1532	1555
1394	1532
1527	1394
1550	1527
1522	1550
1599	1522
1498	1599
1471	1498
1481	1471
1647	1481
1607	1647
1675	1607
1674	1675
1485	1674
1460	1485
1432	1460
1361	1432
1547	1361
1350	1547
1348	1350
1326	1348
1237	1326
1335	1237
1325	1335
1456	1325
1457	1456
1475	1457
1570	1475
1548	1570
1544	1548
1552	1544
1551	1552
1533	1551
1412	1533
1556	1412
1545	1556
1531	1545
1574	1531
1516	1574
1427	1516
1425	1427
1424	1425
1418	1424
1416	1418
1615	1416
1591	1615
1572	1591
1529	1572
1524	1529
1585	1524
1622	1585
1589	1622
1576	1589
1734	1576
1528	1734
1562	1528
1388	1562
1518	1388
1408	1518
1403	1408
1575	1403
1525	1575
1523	1525
1537	1523
1520	1537
1426	1520
1423	1426
1422	1423
1420	1422
1417	1420
1411	1417
1410	1411
1415	1410
1414	1415
1383	1414
1386	1383
1395	1386
1407	1395
1393	1407
1390	1393
1382	1390
1379	1382
1375	1379
1374	1375
1372	1374
1371	1372
1392	1371
1363	1392
1369	1363
1370	1369
1367	1370
1365	1367
1364	1365
1380	1364
1269	1380
1252	1269
1254	1252
1440	1254
1305	1440
1346	1305
1699	1346
1442	1699
1441	1442
1472	1441
1497	1472
1461	1497
1430	1461
1438	1430
1470	1438
1494	1470
1595	1494
1530	1595
1468	1530
1106	1468
1469	1106
1465	1469
1603	1465
1444	1603
1439	1444
1437	1439
1433	1437
1431	1433
1355	1431
1358	1355
1337	1358
1359	1337
1341	1359
1343	1341
1338	1343
1333	1338
1483	1333
1449	1483
1329	1449
1428	1329
1258	1428
1137	1258
1467	1137
1235	1467
1234	1235
1315	1234
1245	1315
1317	1245
1219	1317
1096	1219
1139	1096
1312	1139
1230	1312
1185	1230
1228	1185
1176	1228
1169	1176
1026	1169
1241	1026
1354	1241
1507	1354
1211	1507
1332	1211
1318	1332
1311	1318
1240	1311
1236	1240
1138	1236
737	1138
1308	737
1227	1308
1225	1227
1196	1225
1216	1196
1119	1216
1352	1119
1385	1352
1587	1385
1429	1587
1434	1429
1321	1434
1540	1321
1496	1540
1349	1496
1347	1349
1340	1347
1376	1340
1263	1376
1259	1263
1192	1259
1301	1192
1208	1301
1164	1208
1056	1164
1174	1056
1183	1174
1292	1183
1189	1292
1377	1189
1275	1377
1270	1275
1304	1270
1180	1304
1261	1180
1271	1261
1616	1271
1327	1616
1285	1327
1282	1285
1302	1282
1519	1302
1563	1519
1578	1563
1546	1578
1168	1546
1291	1168
1534	1291
1209	1534
1206	1209
1167	1206
1067	1167
1331	1067
1336	1331
1316	1336
1297	1316
1314	1297
1373	1314
1268	1373
1262	1268
1256	1262
1029	1256
1166	1029
1043	1166
1161	1043
1195	1161
1173	1195
1157	1173
993	1157
982	993
1151	982
1122	1151
1050	1122
998	1050
999	998
1048	999
1025	1048
984	1025
961	984
981	961
1287	981
1399	1287
1257	1399
1200	1257
1283	1200
1402	1283
1404	1402
1487	1404
1592	1487
1566	1592
1549	1566
1535	1549
1526	1535
1409	1526
1413	1409
1406	1413
1405	1406
1400	1405
1398	1400
1306	1398
1299	1306
1281	1299
1247	1281
1156	1247
1290	1156
1289	1290
1389	1289
1397	1389
1378	1397
1300	1378
1278	1300
1267	1278
1266	1267
1274	1266
1401	1274
1303	1401
1286	1303
1279	1286
1293	1279
1277	1293
1276	1277
1272	1276
1255	1272
1177	1255
1251	1177
1253	1251
1153	1253
1012	1153
1154	1012
1179	1154
1002	1179
987	1002
974	987
969	974
1045	969
1006	1045
1019	1006
1010	1019
1061	1010
1062	1061
1100	1062
1065	1100
1111	1065
1217	1111
1295	1217
1294	1295
1387	1294
1248	1387
1188	1248
1207	1188
1147	1207
1145	1147
1125	1145
1121	1125
1034	1121
1246	1034
1191	1246
1205	1191
1421	1205
1384	1421
1362	1384
1360	1362
1357	1360
1243	1357
1148	1243
1158	1148
1099	1158
989	1099
1149	989
1143	1149
1092	1143
1127	1092
1095	1127
1244	1095
1323	1244
1238	1323
1288	1238
1187	1288
1214	1187
1159	1214
1229	1159
1250	1229
1162	1250
1222	1162
1178	1222
1172	1178
1008	1172
1135	1008
1129	1135
1134	1129
1215	1134
1184	1215
1351	1184
1339	1351
1063	1339
699	1063
1015	699
787	1015
656	787
1150	656
1113	1150
1213	1113
1198	1213
1140	1198
1212	1140
1260	1212
1232	1260
1186	1232
1182	1186
1163	1182
1074	1163
1114	1074
1141	1114
1181	1141
1203	1181
1144	1203
1175	1144
1199	1175
1165	1199
1155	1165
1126	1155
1037	1126
965	1037
1004	965
1001	1004
947	1001
959	947
945	959
868	945
879	868
1032	879
1027	1032
988	1027
970	988
966	970
946	966
916	946
915	916
882	915
1005	882
1039	1005
980	1039
903	980
950	903
1152	950
1078	1152
1075	1078
985	1075
1077	985
1091	1077
1081	1091
1477	1081
1309	1477
1130	1309
1239	1130
1640	1239
1320	1640
1264	1320
1226	1264
1221	1226
1233	1221
1220	1233
893	1220
1049	893
1071	1049
1115	1071
1109	1115
1118	1109
1210	1118
1242	1210
1231	1242
1249	1231
1223	1249
1204	1223
1047	1204
997	1047
1046	997
940	1046
996	940
992	996
793	992
651	793
820	651
1051	820
1107	1051
918	1107
943	918
1022	943
1194	1022
976	1194
1014	976
991	1014
967	991
1097	967
949	1097
1197	949
1171	1197
963	1171
1007	963
990	1007
986	990
938	986
873	938
857	873
779	857
937	779
960	937
934	960
942	934
929	942
924	929
875	924
914	875
917	914
1142	917
1133	1142
1112	1133
1202	1112
1170	1202
1085	1170
995	1085
1083	995
1102	1083
1068	1102
977	1068
922	977
972	922
1070	972
978	1070
953	978
913	953
1017	913
1110	1017
1131	1110
1108	1131
1079	1108
1035	1079
962	1035
1038	962
862	1038
861	862
784	861
921	784
907	921
887	907
1055	887
1003	1055
955	1003
957	955
912	957
933	912
935	933
927	935
994	927
1000	994
964	1000
1117	964
1064	1117
1123	1064
1101	1123
721	1101
941	721
910	941
859	910
763	859
1054	763
769	1054
750	769
745	750
739	745
685	739
681	685
920	681
900	920
948	900
958	948
911	958
1042	911
1090	1042
1089	1090
1076	1089
1040	1076
1036	1040
1033	1036
1116	1033
1136	1116
1224	1136
1066	1224
1120	1066
1104	1120
667	1104
554	667
1023	554
639	1023
576	639
701	576
1105	701
1146	1105
1082	1146
785	1082
973	785
754	973
931	754
744	931
692	744
891	692
733	891
736	733
716	736
697	716
713	697
747	713
709	747
714	709
689	714
672	689
659	672
905	659
902	905
866	902
840	866
791	840
833	791
850	833
863	850
864	863
895	864
894	895
890	894
906	890
925	906
1016	925
975	1016
1218	975
1072	1218
979	1072
956	979
951	956
909	951
842	909
904	842
919	904
898	919
983	898
751	983
743	751
698	743
682	698
673	682
723	673
670	723
590	670
587	590
446	587
867	446
852	867
1128	852
1103	1128
749	1103
835	749
654	835
860	654
644	860
756	644
1030	756
1018	1030
1013	1018
1024	1013
1031	1024
827	1031
1009	827
926	1009
812	926
808	812
765	808
684	765
746	684
702	746
691	702
683	691
650	683
705	650
653	705
865	653
740	865
660	740
695	660
634	695
580	634
665	580
645	665
591	645
589	591
406	589
839	406
803	839
796	803
538	796
830	538
872	830
885	872
884	885
1020	884
874	1020
853	874
886	853
847	886
838	847
1044	838
1160	1044
1280	1160
1273	1280
1028	1273
1021	1028
889	1021
954	889
878	954
858	878
854	858
815	854
675	815
628	675
604	628
621	604
703	621
629	703
720	629
707	720
908	707
883	908
892	883
923	892
901	923
851	901
829	851
809	829
896	809
877	896
944	877
936	944
876	936
810	876
759	810
676	759
649	676
696	649
679	696
772	679
585	772
563	585
542	563
529	542
480	529
484	480
567	484
566	567
813	566
856	813
795	856
821	795
845	821
849	845
762	849
818	762
846	818
869	846
837	869
816	837
788	816
570	788
825	570
760	825
742	760
626	742
706	626
618	706
579	618
663	579
688	663
1041	688
680	1041
971	680
662	971
952	662
704	952
693	704
710	693
724	710
657	724
880	657
888	880
637	888
607	637
545	607
844	545
811	844
536	811
552	536
777	552
794	777
836	794
817	836
932	817
939	932
855	939
822	855
930	822
804	930
802	804
792	802
848	792
843	848
841	843
831	841
899	831
797	899
828	797
823	828
819	823
562	819
776	562
780	776
690	780
557	690
718	557
624	718
806	624
824	806
782	824
799	782
790	799
789	790
778	789
786	778
767	786
928	767
764	928
565	764
770	565
766	770
800	766
648	800
571	648
807	571
569	807
568	569
832	568
781	832
773	781
826	773
814	826
560	814
471	560
564	471
478	564
476	478
437	476
234	437
435	234
617	435
614	617
642	614
625	642
623	625
556	623
578	556
712	578
730	712
677	730
616	677
601	616
600	601
753	600
801	753
661	801
613	661
647	613
731	647
608	731
594	608
575	594
572	575
550	572
515	550
584	515
611	584
605	611
606	605
511	606
505	511
668	505
586	668
517	586
405	517
619	405
646	619
722	646
755	722
674	755
638	674
669	638
640	669
635	640
612	635
559	612
775	559
783	775
774	783
548	774
768	548
561	768
546	561
687	546
468	687
535	468
233	535
469	233
423	469
678	423
652	678
643	652
489	643
475	489
633	475
417	633
378	417
521	378
630	521
520	630
597	520
555	597
524	555
509	524
506	509
419	506
358	419
389	358
452	389
507	452
399	507
460	399
429	460
666	429
805	666
798	805
834	798
881	834
470	881
553	470
540	553
439	540
407	439
453	407
451	453
544	451
513	544
514	513
503	514
490	503
385	490
438	385
413	438
391	413
390	391
357	390
348	357
327	348
383	327
299	383
294	299
388	294
598	388
609	598
603	609
734	603
717	734
664	717
527	664
599	527
504	599
526	504
516	526
498	516
500	498
523	500
519	523
636	519
615	636
508	615
627	508
461	627
201	461
454	201
622	454
465	622
558	465
434	558
418	434
412	418
393	412
392	393
492	392
494	492
486	494
581	486
577	581
488	577
459	488
485	459
404	485
491	404
487	491
457	487
411	457
400	411
365	400
324	365
252	324
289	252
372	289
305	372
443	305
610	443
427	610
395	427
499	395
377	499
363	377
356	363
502	356
528	502
532	528
655	532
409	655
474	409
483	474
481	483
496	481
380	496
375	380
364	375
359	364
353	359
254	353
338	254
374	338
534	374
416	534
421	416
335	421
366	335
501	366
510	501
368	510
330	368
351	330
318	351
244	318
341	244
382	341
146	382
402	146
512	402
426	512
316	426
462	316
543	462
632	543
658	632
631	658
573	631
493	573
482	493
539	482
537	539
533	537
239	533
238	239
226	238
473	226
771	473
455	771
433	455
216	433
671	216
332	671
218	332
472	218
456	472
224	456
219	224
466	219
441	466
464	441
531	464
379	531
574	379
522	574
467	522
384	467
345	384
447	345
479	447
449	479
422	449
430	422
181	430
450	181
445	450
355	445
361	355
349	361
329	349
117	329
101	117
63	101
275	63
270	275
386	270
397	386
518	397
497	518
463	497
530	463
311	530
401	311
352	401
265	352
334	265
394	334
376	394
371	376
370	371
369	370
367	369
362	367
360	362
320	360
281	320
282	281
350	282
346	350
342	346
70	342
260	70
442	260
112	442
96	112
133	96
34	133
116	34
249	116
155	249
138	155
279	138
248	279
42	248
92	42
102	92
90	102
88	90
91	88
85	91
82	85
69	82
39	69
107	39
44	107
14	69
31	14
8	31
41	8
256	41
339	256
414	339
331	414
415	331
354	415
336	354
297	336
106	297
321	106
80	321
381	80
387	381
283	387
286	283
227	286
103	227
89	103
247	89
347	247
307	347
315	307
211	315
147	211
137	147
220	137
551	220
549	551
140	549
448	140
163	448
162	163
241	162
431	241
255	431
312	255
308	312
298	308
323	298
306	323
303	306
240	303
237	240
290	237
403	290
296	403
333	296
246	333
257	246
154	257
293	154
230	293
210	230
141	210
525	141
120	525
174	120
373	174
477	373
288	477
428	288
208	428
310	208
267	310
258	267
197	258
213	197
199	213
172	199
203	172
432	203
223	432
221	223
214	221
194	214
193	194
184	193
176	184
171	176
207	171
212	207
204	212
191	204
205	191
187	205
177	187
202	177
425	202
222	425
436	222
408	436
217	408
228	217
164	228
242	164
215	242
232	215
328	232
262	328
243	262
169	243
78	169
75	78
104	75
32	78
253	32
198	253
118	198
113	118
110	113
18	110
273	18
12	273
100	12
65	100
209	65
167	209
225	167
62	225
313	62
495	313
344	495
340	344
292	340
287	292
236	287
98	236
99	98
74	99
259	74
295	259
111	295
268	111
86	268
83	86
93	83
55	93
87	55
56	87
81	55
51	81
50	51
9	50
0	55
2	0
49	2
28	268
27	74
10	27
136	10
130	136
160	130
178	160
122	130
36	122
35	36
20	35
127	136
152	127
145	152
124	145
40	124
37	287
52	37
1	37
73	167
58	65
131	58
148	131
157	148
121	157
142	121
97	142
53	97
126	53
16	142
115	16
43	115
13	43
4	58
5	273
48	5
108	48
276	108
274	276
77	274
114	77
195	114
269	195
280	269
261	280
29	261
168	195
206	168
196	206
188	196
424	188
541	424
458	541
444	458
440	444
231	440
229	231
200	229
180	200
186	180
165	186
149	165
129	149
173	129
150	173
135	150
128	135
134	173
190	134
185	190
143	185
175	143
182	175
158	182
132	182
278	444
76	114
64	76
21	64
71	21
24	113
46	24
15	46
144	217
125	144
159	187
326	159
22	326
19	22
151	187
153	205
139	153
170	191
166	207
59	477
54	59
57	54
68	141
183	68
17	183
60	68
47	60
123	162
161	448
156	161
38	85
84	88
23	84
33	23
25	33
11	25
3	11
