Cell
5106
3332
5078
4962
2528
1375
4845
4834
363
4996
4715
4808
4859
3056
4276
430
4706
3613
4433
2880
4983
1928
2237
4687
1503
5022
3819
1374
4620
4896
4810
896
3920
751
255
2418
4605
1006
1276
4425
4741
2133
3054
4670
587
5103
754
1875
4744
585
4954
4473
2345
5097
5104
4189
4952
5055
4742
5028
4758
4858
2048
4914
4989
1758
4627
4092
4739
4828
2282
1550
1363
4464
4783
4818
1070
4812
3764
5067
4850
5024
681
4700
5107
3829
4619
1740
4900
5105
4913
1330
5082
4928
491
4800
4270
5100
4517
5013
3551
