Cell	Parent
5106	-1
5121	5106
5125	5121
5116	5125
5107	5116
5093	5107
5127	5093
5117	5127
5046	5117
5091	5046
5082	5091
5051	5082
5092	5051
5114	5092
5090	5114
5089	5090
5088	5089
5054	5088
5058	5054
5122	5058
5110	5122
5056	5110
5126	5056
5097	5126
4821	5097
4949	4821
5068	4949
5010	5068
5030	5010
4868	5030
5055	4868
5049	5055
5048	5049
5045	5048
5037	5045
5042	5037
5034	5042
5031	5034
5026	5031
4857	5026
5047	4857
5038	5047
5017	5038
4980	5017
5099	4980
5064	5099
5006	5064
5120	5006
4904	5120
5040	4904
5029	5040
5104	5029
5078	5104
5062	5078
5015	5062
4960	5015
4948	4960
5067	4948
5109	5067
4936	5109
4973	4936
5081	4973
5066	5081
5124	5066
5113	5124
5074	5113
4862	5074
5063	4862
5022	5063
5087	5022
5057	5087
5028	5057
4975	5028
5105	4975
5072	5105
5111	5072
5100	5111
5103	5100
4971	5103
5077	4971
5098	5077
5123	5098
5118	5123
5112	5118
5101	5112
5083	5101
5075	5083
5036	5075
5070	5036
5025	5070
4850	5025
5021	4850
5027	5021
5019	5027
5041	5019
5018	5041
5014	5018
5011	5014
5008	5011
4961	5008
4955	4961
4940	4955
4996	4940
4947	4996
4905	4947
4925	4905
4640	4925
4986	4640
4946	4986
4978	4946
4968	4978
4919	4968
4892	4919
4913	4892
4917	4913
4950	4917
5053	4950
5003	5053
5079	5003
4893	5079
4997	4893
4966	4997
4981	4966
4988	4981
4983	4988
4931	4983
4977	4931
4972	4977
5044	4972
5065	5044
4775	5065
5076	4775
4859	5076
5052	4859
5071	5052
5050	5071
4989	5050
5119	4989
5115	5119
5108	5115
5094	5108
5069	5094
5086	5069
5084	5086
4965	5084
5060	4965
5016	5060
5020	5016
5059	5020
5043	5059
5023	5043
5013	5023
4962	5013
5095	4962
4954	5095
4953	4954
4952	4953
4938	4952
4926	4938
4939	4926
5080	4939
5096	5080
4998	5096
4910	4998
4932	4910
4969	4932
4963	4969
4959	4963
4945	4959
4928	4945
4874	4928
4911	4874
4924	4911
5002	4924
4923	5002
4999	4923
5032	4999
5024	5032
4894	5024
5005	4894
4967	5005
4770	4967
4889	4770
4994	4889
4995	4994
4934	4995
5001	4934
5004	5001
5102	5004
4993	5102
4895	4993
4836	4895
4768	4836
4656	4768
4657	4656
4833	4657
5039	4833
4985	5039
4979	4985
4900	4979
4992	4900
4951	4992
4918	4951
4984	4918
4958	4984
4873	4958
4916	4873
4957	4916
4748	4957
4646	4748
4887	4646
5000	4887
4942	5000
4826	4942
4867	4826
4866	4867
4801	4866
4834	4801
4731	4834
4720	4731
4807	4720
4817	4807
5012	4817
4840	5012
4935	4840
4852	4935
4853	4852
4825	4853
4861	4825
4858	4861
4865	4858
4849	4865
4823	4849
4816	4823
4841	4816
5035	4841
4791	5035
4811	4791
4803	4811
4851	4803
4788	4851
4594	4788
4805	4594
4820	4805
4843	4820
4831	4843
4847	4831
4835	4847
4848	4835
4795	4848
4830	4795
4819	4830
4824	4819
4804	4824
4798	4804
4771	4798
4774	4771
4902	4774
4882	4902
4890	4882
4990	4890
4863	4990
4785	4863
4941	4785
4907	4941
4885	4907
4799	4885
4760	4799
4876	4760
4666	4876
4929	4666
4914	4929
4871	4914
4896	4871
4884	4896
4879	4884
4982	4879
5085	4982
4869	5085
4838	4869
5009	4838
4767	5009
4743	4767
4759	4743
4964	4759
4970	4964
4750	4970
5007	4750
4796	5007
4749	4796
4758	4749
4792	4758
4822	4792
4839	4822
4832	4839
4732	4832
4790	4732
4787	4790
4802	4787
4609	4802
4828	4609
4800	4828
4786	4800
4739	4786
4781	4739
4779	4781
4671	4779
4678	4671
4746	4678
4713	4746
4729	4713
4797	4729
4769	4797
4708	4769
4722	4708
4644	4722
4473	4644
4780	4473
4672	4780
4511	4672
4663	4511
4782	4663
4845	4782
4860	4845
4846	4860
4844	4846
4827	4844
4812	4827
4808	4812
4814	4808
4751	4814
4783	4751
4856	4783
4842	4856
4891	4842
4818	4891
4875	4818
4815	4875
4864	4815
4793	4864
4855	4793
4880	4855
4888	4880
4806	4888
4733	4806
4696	4733
4761	4696
4765	4761
4705	4765
4753	4705
4976	4753
4922	4976
4881	4922
4991	4881
4906	4991
4886	4906
4878	4886
4956	4878
4754	4956
4641	4754
4648	4641
4627	4648
4579	4627
4735	4579
4762	4735
4660	4762
4649	4660
4766	4649
4603	4766
4723	4603
4909	4723
4813	4909
4725	4813
4635	4725
4737	4635
4650	4737
4912	4650
4883	4912
4772	4883
4784	4772
4734	4784
4659	4734
4654	4659
4854	4654
4794	4854
4747	4794
4619	4747
4764	4619
4920	4764
4872	4920
4773	4872
4730	4773
4712	4730
4499	4712
4433	4499
4565	4433
4664	4565
4744	4664
4687	4744
4556	4687
4870	4556
4645	4870
4531	4645
4721	4531
4631	4721
4502	4631
4517	4502
4630	4517
4908	4630
4665	4908
4610	4665
4593	4610
4539	4593
4537	4539
4532	4537
4519	4532
4667	4519
4701	4667
4692	4701
4562	4692
4602	4562
4706	4602
4738	4706
4715	4738
4683	4715
4676	4683
4633	4676
4626	4633
4538	4626
4471	4538
4643	4471
4616	4643
4778	4616
4718	4778
4699	4718
4719	4699
4810	4719
4756	4810
4741	4756
4693	4741
4711	4693
4709	4711
4742	4709
4740	4742
4728	4740
4726	4728
4717	4726
4703	4717
4714	4703
4675	4714
4700	4675
4576	4700
4571	4576
4680	4571
4670	4680
4707	4670
4702	4707
4710	4702
4679	4710
4567	4679
4387	4567
4121	4387
4618	4121
4686	4618
4685	4686
4592	4685
4673	4592
4697	4673
4690	4697
4837	4690
4614	4837
4557	4614
4578	4557
4617	4578
4689	4617
4757	4689
4974	4757
4927	4974
4930	4927
4921	4930
4601	4921
4681	4601
4691	4681
4658	4691
4653	4658
4752	4653
4661	4752
4655	4661
4629	4655
4668	4629
4605	4668
4608	4605
4520	4608
4597	4520
4563	4597
4525	4563
4514	4525
4589	4514
4688	4589
4674	4688
4620	4674
4583	4620
4558	4583
4307	4558
4554	4307
4494	4554
4555	4494
4130	4555
4581	4130
4384	4581
4508	4384
4414	4508
4496	4414
4523	4496
4543	4523
4736	4543
4829	4736
4903	4829
5033	4903
4755	5033
4639	4755
4566	4639
4745	4566
4544	4745
4547	4544
4431	4547
4534	4431
4624	4534
4595	4624
4777	4595
4776	4777
4652	4776
4642	4652
4572	4642
4497	4572
4564	4497
4530	4564
4504	4530
4492	4504
4474	4492
4447	4474
4392	4447
4506	4392
4495	4506
4536	4495
4487	4536
4394	4487
4559	4394
4560	4559
4637	4560
4623	4637
4529	4623
4360	4529
4409	4360
4526	4409
4450	4526
4724	4450
4425	4724
4535	4425
4480	4535
4477	4480
4432	4477
4429	4432
4418	4429
4343	4418
4509	4343
4621	4509
4552	4621
4503	4552
4476	4503
4419	4476
4373	4419
4299	4373
4334	4299
4528	4334
4625	4528
4488	4625
4413	4488
4809	4413
4634	4809
4548	4634
4507	4548
4493	4507
4577	4493
4486	4577
4491	4486
4561	4491
4401	4561
4452	4401
4442	4452
4439	4442
4393	4439
4395	4393
4408	4395
4421	4408
4551	4421
4400	4551
4398	4400
4366	4398
4533	4366
4586	4533
4456	4586
4669	4456
4584	4669
4464	4584
4406	4464
4677	4406
4704	4677
4570	4704
4455	4570
4465	4455
4574	4465
4580	4574
4684	4580
4454	4684
4458	4454
4613	4458
4607	4613
4598	4607
4590	4598
4545	4590
4604	4545
4600	4604
4789	4600
4763	4789
4716	4763
4694	4716
4587	4694
4472	4587
4457	4472
4553	4457
4550	4553
4451	4550
4516	4451
4606	4516
4596	4606
4611	4596
4682	4611
4582	4682
4521	4582
4463	4521
4470	4463
4469	4470
4484	4469
4518	4484
4440	4518
4446	4440
4348	4446
4203	4348
4388	4203
4351	4388
4376	4351
4083	4376
4122	4083
4397	4122
4358	4397
4441	4358
4416	4441
4423	4416
4330	4423
4417	4330
4305	4417
4328	4305
4315	4328
4325	4315
4314	4325
4231	4314
4412	4231
4546	4412
4490	4546
4276	4490
4331	4276
4323	4331
4183	4323
4302	4183
4430	4302
4336	4430
4301	4336
4297	4301
4253	4297
4138	4253
4079	4138
4094	4079
4207	4094
4479	4207
4368	4479
4234	4368
4261	4234
4291	4261
4420	4291
4374	4420
4415	4374
4402	4415
4411	4402
4489	4411
4485	4489
4410	4485
4636	4410
4549	4636
4632	4549
4542	4632
4540	4542
4377	4540
4462	4377
4404	4462
4399	4404
4437	4399
4288	4437
4396	4288
4347	4396
4575	4347
4160	4575
4311	4160
4405	4311
4369	4405
4338	4369
4371	4338
4541	4371
4427	4541
4434	4427
4510	4434
4346	4510
4341	4346
4332	4341
4324	4332
4270	4324
4344	4270
4298	4344
4342	4298
4340	4342
4407	4340
4424	4407
4391	4424
4386	4391
4481	4386
4524	4481
4573	4524
4522	4573
4466	4522
4461	4466
4585	4461
4364	4585
4357	4364
4308	4357
4319	4308
4312	4319
4422	4312
4403	4422
4478	4403
4385	4478
4275	4385
4274	4275
4272	4274
4292	4272
4300	4292
4264	4300
4247	4264
4362	4247
4339	4362
4337	4339
4294	4337
4277	4294
4271	4277
4223	4271
4304	4223
4145	4304
4136	4145
4038	4136
4260	4038
4273	4260
4217	4273
4023	4217
4140	4023
4163	4140
4426	4163
4435	4426
4355	4435
4220	4355
4252	4220
4483	4252
4313	4483
4267	4313
4329	4267
4244	4329
4219	4244
4188	4219
4067	4188
4229	4067
4199	4229
4194	4199
3981	4194
4178	3981
4149	4178
4113	4149
4057	4113
4428	4057
4242	4428
4265	4242
4263	4265
4262	4263
4232	4262
4259	4232
4115	4259
4105	4115
3963	4105
4266	3963
4379	4266
4389	4379
4353	4389
4116	4353
3969	4116
4222	3969
4101	4222
4093	4101
4295	4093
4256	4295
4205	4256
4074	4205
4089	4074
4142	4089
4125	4142
4468	4125
4117	4468
3948	4117
3941	3948
4070	3941
4128	4070
4112	4128
4024	4112
4179	4024
3937	4179
4436	3937
4238	4436
4370	4238
4527	4370
4390	4527
4382	4390
4591	4382
4569	4591
4467	4569
4568	4467
4460	4568
4443	4460
4381	4443
4361	4381
4512	4361
4612	4512
4599	4612
4615	4599
4445	4615
4375	4445
4372	4375
4449	4372
4230	4449
4363	4230
4167	4363
4204	4167
4080	4204
3974	4080
4018	3974
4126	4018
4172	4126
4164	4172
4127	4164
4123	4127
4099	4123
4108	4099
4249	4108
4225	4249
4289	4225
4286	4289
4278	4286
4320	4278
4335	4320
4281	4335
4284	4281
4254	4284
4448	4254
4383	4448
4303	4383
4356	4303
4233	4356
4317	4233
4365	4317
4283	4365
4118	4283
3920	4118
4119	3920
4143	4119
4189	4143
4158	4189
4150	4158
4209	4150
4141	4209
4051	4141
4148	4051
4175	4148
4280	4175
4251	4280
4198	4251
4196	4198
4187	4196
4258	4187
4245	4258
4327	4245
4287	4327
4350	4287
4322	4350
4176	4322
4453	4176
4367	4453
4438	4367
4110	4438
4378	4110
4380	4378
4352	4380
4349	4352
4096	4349
4012	4096
4106	4012
4206	4106
4166	4206
4243	4166
4169	4243
4285	4169
4185	4285
4184	4185
4031	4184
4202	4031
4027	4202
4168	4027
4228	4168
4097	4228
4076	4097
4120	4076
4359	4120
4075	4359
3971	4075
3946	3971
4129	3946
4066	4129
4107	4066
4092	4107
4071	4092
4063	4071
4064	4063
4221	4064
4162	4221
4147	4162
4180	4147
4236	4180
4224	4236
4248	4224
4218	4248
4216	4218
4182	4216
4250	4182
4444	4250
4310	4444
4309	4310
4306	4309
4255	4306
4237	4255
4144	4237
4193	4144
4213	4193
4152	4213
4137	4152
4186	4137
4268	4186
4156	4268
4009	4156
3979	4009
3976	3979
3628	3976
3791	3628
4171	3791
4054	4171
4177	4054
4157	4177
4134	4157
4053	4134
4077	4053
3994	4077
4029	3994
4050	4029
4065	4050
4090	4065
4042	4090
4032	4042
4005	4032
4030	4005
4191	4030
4104	4191
4135	4104
4008	4135
3672	4008
3978	3672
3775	3978
4044	3775
3705	4044
3919	3705
3645	3919
3627	3645
3594	3627
3571	3594
3574	3571
3565	3574
3552	3565
3417	3552
3338	3417
3302	3338
3667	3302
3960	3667
3922	3960
3691	3922
3669	3691
3755	3669
4011	3755
4159	4011
4214	4159
4210	4214
4161	4210
4078	4161
4021	4078
4026	4021
4087	4026
4114	4087
4100	4114
4081	4100
3841	4081
4095	3841
4459	4095
3891	4459
3850	3891
3879	3850
3964	3879
3916	3964
4061	3916
4174	4061
4151	4174
4201	4151
3957	4201
4131	3957
3972	4131
3928	3972
3950	3928
4102	3950
4088	4102
4036	4088
4002	4036
3993	4002
4040	3993
4006	4040
4098	4006
4014	4098
3949	4014
4016	3949
4111	4016
4049	4111
4047	4049
3944	4047
4082	3944
3911	4082
3912	3911
3908	3912
3898	3908
4073	3898
3943	4073
3983	3943
4165	3983
4020	4165
4103	4020
3975	4103
3938	3975
4124	3938
4072	4124
3886	4072
3837	3886
3907	3837
3870	3907
3859	3870
3845	3859
3828	3845
3848	3828
3858	3848
4588	3858
3906	4588
3842	3906
3820	3842
3889	3820
3896	3889
3881	3896
3954	3881
3973	3954
3918	3973
3914	3918
3965	3914
4010	3965
4155	4010
4046	4155
4086	4046
3985	4086
4004	3985
3988	4004
3982	3988
3749	3982
3961	3749
3888	3961
3819	3888
3781	3819
3921	3781
3987	3921
3909	3987
3904	3909
3883	3904
3903	3883
3902	3903
3897	3902
3890	3897
3930	3890
3753	3930
3748	3753
3680	3748
3675	3680
3644	3675
3939	3644
3992	3939
3936	3992
3980	3936
3776	3980
3925	3776
3647	3925
3670	3647
3895	3670
3768	3895
3945	3768
3959	3945
3869	3959
3955	3869
3966	3955
3953	3966
4007	3953
4052	4007
4048	4052
4003	4048
3887	4003
3892	3887
3855	3892
3803	3855
3770	3803
3986	3770
3852	3986
3864	3852
3840	3864
3764	3840
3967	3764
3735	3967
3720	3735
3714	3720
3713	3714
3601	3713
3588	3601
4019	3588
4001	4019
3947	4001
3878	3947
3817	3878
3844	3817
3824	3844
3821	3824
3884	3821
3846	3884
3968	3846
3874	3968
3956	3874
3863	3956
3732	3863
3857	3732
3856	3857
3851	3856
3834	3851
4091	3834
3893	4091
3872	3893
3871	3872
3865	3871
3710	3865
3880	3710
3826	3880
3875	3826
3854	3875
3843	3854
3876	3843
3996	3876
3970	3996
3962	3970
3991	3962
3831	3991
3793	3831
3825	3793
3799	3825
3838	3799
3832	3838
3818	3832
3815	3818
3727	3815
3709	3727
3849	3709
3882	3849
3787	3882
3765	3787
3751	3765
3618	3751
3829	3618
3746	3829
3681	3746
3678	3681
3777	3678
3606	3777
3763	3606
3894	3763
3759	3894
3747	3759
3800	3747
3827	3800
3822	3827
3813	3822
3811	3813
3810	3811
3812	3810
3814	3812
3794	3814
3839	3794
3808	3839
3801	3808
3797	3801
3783	3797
3847	3783
3595	3847
3816	3595
3853	3816
3934	3853
3905	3934
3998	3905
3997	3998
4109	3997
3935	4109
3900	3935
3899	3900
3873	3899
3990	3873
3860	3990
3809	3860
3927	3809
3830	3927
3719	3830
3786	3719
3823	3786
3861	3823
3862	3861
3951	3862
3952	3951
3917	3952
3942	3917
3915	3942
3977	3915
3933	3977
3929	3933
3926	3929
3761	3926
3733	3761
3661	3733
3651	3661
3659	3651
3631	3659
3687	3631
3608	3687
3593	3608
3790	3593
3665	3790
3643	3665
3784	3643
3792	3784
3802	3792
3805	3802
3796	3805
3779	3796
3706	3779
3729	3706
3702	3729
3728	3702
3716	3728
3701	3716
3699	3701
3697	3699
3698	3697
3692	3698
3547	3692
3696	3547
3543	3696
3538	3543
3531	3538
3525	3531
3602	3525
3640	3602
3646	3640
3639	3646
3638	3639
3632	3638
3771	3632
3778	3771
3758	3778
3554	3758
3551	3554
3597	3551
3612	3597
3557	3612
3564	3557
3611	3564
3609	3611
3585	3609
3583	3585
3570	3583
3642	3570
3600	3642
3580	3600
3598	3580
3604	3598
3740	3604
3582	3740
3400	3582
3399	3400
3648	3399
3620	3648
3630	3620
3780	3630
3932	3780
3752	3932
3940	3752
4239	3940
4139	4239
3995	4139
4146	3995
4084	4146
3989	4084
3923	3989
3762	3923
3807	3762
3772	3807
3984	3772
3756	3984
3741	3756
3901	3741
3743	3901
3686	3743
3674	3686
3663	3674
3684	3663
3757	3684
3754	3757
3708	3754
3766	3708
3653	3766
3656	3653
3673	3656
3637	3673
3625	3637
3658	3625
3676	3658
3785	3676
3924	3785
3726	3924
3867	3726
3622	3867
3614	3622
3590	3614
3584	3590
3516	3584
3738	3516
3795	3738
3725	3795
3731	3725
3836	3731
3833	3836
3804	3833
3788	3804
3877	3788
3760	3877
3730	3760
3734	3730
3742	3734
3568	3742
3913	3568
3931	3913
3636	3931
3626	3636
3616	3626
3641	3616
3737	3641
3685	3737
3683	3685
3671	3683
3664	3671
3666	3664
3652	3666
3592	3652
3382	3592
3257	3382
3556	3257
3679	3556
3629	3679
3615	3629
3657	3615
3654	3657
3549	3654
3599	3549
3624	3599
3662	3624
3591	3662
3581	3591
3559	3581
3560	3559
3561	3560
3391	3561
3356	3391
3744	3356
3515	3744
3376	3515
3359	3376
3336	3359
3339	3336
3262	3339
3491	3262
3489	3491
3868	3489
3910	3868
3689	3910
3635	3689
3682	3635
3885	3682
3835	3885
3798	3835
3782	3798
3736	3782
3695	3736
3619	3695
3586	3619
3576	3586
3668	3576
3572	3668
3537	3572
3528	3537
3444	3528
3506	3444
3495	3506
3413	3495
3553	3413
3397	3553
3387	3397
3535	3387
3677	3535
3409	3677
3703	3409
3487	3703
3437	3487
3721	3437
3712	3721
3694	3712
3693	3694
3715	3693
3650	3715
3410	3650
3421	3410
3420	3421
3412	3420
3545	3412
3546	3545
3613	3546
3486	3613
3488	3486
3386	3488
3532	3386
3479	3532
3423	3479
3371	3423
3482	3371
3536	3482
3507	3536
3503	3507
3477	3503
3466	3477
3432	3466
3429	3432
2982	3429
3440	2982
3534	3440
3750	3534
3700	3750
3745	3700
3578	3745
3471	3578
3717	3471
3544	3717
3485	3544
3510	3485
3520	3510
3502	3520
3504	3502
3806	3504
3522	3806
3711	3522
3722	3711
3739	3722
3573	3739
3566	3573
3490	3566
3512	3490
3508	3512
3724	3508
3704	3724
3723	3704
3707	3723
3577	3707
3523	3577
3526	3523
3558	3526
3377	3558
3468	3377
3579	3468
3517	3579
3500	3517
3483	3500
3470	3483
3460	3470
3441	3460
3369	3441
3474	3369
3408	3474
3290	3408
3301	3290
3298	3301
3297	3298
3296	3297
3266	3296
3398	3266
3282	3398
3476	3282
3524	3476
3548	3524
3530	3548
3465	3530
3459	3465
3478	3459
3481	3478
3378	3481
3462	3378
3422	3462
3393	3422
3404	3393
3344	3404
3605	3344
3375	3605
3567	3375
3575	3567
3569	3575
3418	3569
3360	3418
3623	3360
3607	3623
3596	3607
3587	3596
3425	3587
3350	3425
3374	3350
3316	3374
3345	3316
3331	3345
3176	3331
3330	3176
3318	3330
3253	3318
3252	3253
3214	3252
3274	3214
3256	3274
3199	3256
3192	3199
3184	3192
3411	3184
3295	3411
3353	3295
3260	3353
3380	3260
3300	3380
3405	3300
3416	3405
3355	3416
3347	3355
3505	3347
3419	3505
3439	3419
3542	3439
3403	3542
3395	3403
3348	3395
3589	3348
3634	3589
3384	3634
3313	3384
3311	3313
3309	3311
3354	3309
3555	3354
3484	3555
3539	3484
3562	3539
3473	3562
3463	3473
3498	3463
3499	3498
3496	3499
3501	3496
3493	3501
3494	3493
3541	3494
3533	3541
3540	3533
3511	3540
3513	3511
3445	3513
3091	3445
3390	3091
3388	3390
3263	3388
3307	3263
3287	3307
3514	3287
3337	3514
3407	3337
3389	3407
3320	3389
3319	3320
3308	3319
3283	3308
3235	3283
2950	3235
3334	2950
2991	3334
3070	2991
3096	3070
3191	3096
3103	3191
3264	3103
3329	3264
3322	3329
3373	3322
3324	3373
3161	3324
3267	3161
3343	3267
3276	3343
3275	3276
3255	3275
3317	3255
3326	3317
3379	3326
3396	3379
3365	3396
3603	3365
3424	3603
3381	3424
3364	3381
3325	3364
3363	3325
3358	3363
3357	3358
3340	3357
3333	3340
3332	3333
3208	3332
3327	3208
3224	3327
3497	3224
3430	3497
3367	3430
3271	3367
3245	3271
3242	3245
3240	3242
3225	3240
3221	3225
3119	3221
3168	3119
3157	3168
3254	3157
3201	3254
3213	3201
3233	3213
3215	3233
3207	3215
3120	3207
3211	3120
3121	3211
3110	3121
3129	3110
3237	3129
3335	3237
3406	3335
3310	3406
3259	3310
3244	3259
3249	3244
3280	3249
3279	3280
3079	3279
3453	3079
3469	3453
3475	3469
3480	3475
3472	3480
3464	3472
3461	3464
3457	3461
3458	3457
3452	3458
3456	3452
3449	3456
3467	3449
3527	3467
3529	3527
3451	3529
3492	3451
3450	3492
3443	3450
3442	3443
3434	3442
3315	3434
3518	3315
3074	3518
3072	3074
3054	3072
3039	3054
3071	3039
2990	3071
2985	2990
2979	2985
3077	2979
3065	3077
3001	3065
2923	3001
2916	2923
2956	2916
2957	2956
2899	2957
2992	2899
2971	2992
3009	2971
3173	3009
3156	3173
3118	3156
3106	3118
3114	3106
3028	3114
3116	3028
3171	3116
3241	3171
3155	3241
3152	3155
3218	3152
3550	3218
3563	3550
3361	3563
3342	3361
3351	3342
3197	3351
3132	3197
3321	3132
3352	3321
3328	3352
3174	3328
3272	3174
3209	3272
3273	3209
3270	3273
3167	3270
3370	3167
3312	3370
3278	3312
3236	3278
3228	3236
3247	3228
3172	3247
3165	3172
3137	3165
3134	3137
3133	3134
3139	3133
3251	3139
3166	3251
3177	3166
3000	3177
2943	3000
3004	2943
2927	3004
2928	2927
3060	2928
3059	3060
3392	3059
3206	3392
3203	3206
3314	3203
3446	3314
3090	3446
3232	3090
3230	3232
2951	3230
3292	2951
3289	3292
3234	3289
3238	3234
3305	3238
3268	3305
3212	3268
3210	3212
3250	3210
3128	3250
3143	3128
3033	3143
3015	3033
3185	3015
3306	3185
3372	3306
3385	3372
3383	3385
3349	3383
3368	3349
3323	3368
3341	3323
3362	3341
3269	3362
3265	3269
3281	3265
3346	3281
3293	3346
3299	3293
3304	3299
3294	3304
3303	3294
3189	3303
3204	3189
3285	3204
3193	3285
3146	3193
3144	3146
3099	3144
3138	3099
3012	3138
3147	3012
3286	3147
3248	3286
3219	3248
3229	3219
3415	3229
3426	3415
3414	3426
3291	3414
3086	3291
3284	3086
3226	3284
3130	3226
3053	3130
3085	3053
3401	3085
3087	3401
3151	3087
3041	3151
3082	3041
3038	3082
3149	3038
3066	3149
2999	3066
2996	2999
2924	2996
2949	2924
2892	2949
2728	2892
2944	2728
2881	2944
2907	2881
2925	2907
3069	2925
3047	3069
3084	3047
2973	3084
3040	2973
2970	3040
3046	2970
3148	3046
2964	3148
2939	2964
3061	2939
3076	3061
3102	3076
3083	3102
3018	3083
3195	3018
3141	3195
3105	3141
3222	3105
3068	3222
3117	3068
2783	3117
3034	2783
2829	3034
3093	2829
3098	3093
3045	3098
2986	3045
3031	2986
3022	3031
3111	3022
2849	3111
2856	2849
2824	2856
2969	2824
2834	2969
2840	2834
2858	2840
3113	2858
3163	3113
3025	3163
2835	3025
3127	2835
3115	3127
3067	3115
2948	3067
2940	2948
3202	2940
3196	3202
3145	3196
3073	3145
3160	3073
3131	3160
3136	3131
3170	3136
3187	3170
3107	3187
3050	3107
3051	3050
2977	3051
3188	2977
3186	3188
3164	3186
3183	3164
3261	3183
3258	3261
3288	3258
3277	3288
3159	3277
3190	3159
3153	3190
3150	3153
3108	3150
3092	3108
3063	3092
3064	3063
3016	3064
2932	3016
2833	2932
2725	2833
2653	2725
2811	2653
2854	2811
2848	2854
2921	2848
2808	2921
2605	2808
2795	2605
2853	2795
2945	2853
2968	2945
2947	2968
2953	2947
2937	2953
2913	2937
2946	2913
3089	2946
3088	3089
2873	3088
3436	2873
3455	3436
3448	3455
3447	3448
3438	3447
3433	3438
3431	3433
3428	3431
3080	3428
3011	3080
3078	3011
2994	3078
2965	2994
3037	2965
2987	3037
2976	2987
2981	2976
2941	2981
2963	2941
2919	2963
2902	2919
3035	2902
3075	3035
3454	3075
3435	3454
3427	3435
3044	3427
3002	3044
2935	3002
3112	2935
3007	3112
2998	3007
2988	2998
3008	2988
3062	3008
3048	3062
3006	3048
2906	3006
3042	2906
3178	3042
3142	3178
3021	3142
3003	3021
2984	3003
2942	2984
2955	2942
3017	2955
3014	3017
2917	3014
2930	2917
2960	2930
3005	2960
2938	3005
2967	2938
2975	2967
2912	2975
2903	2912
2872	2903
2859	2872
2897	2859
2850	2897
2828	2850
3049	2828
3057	3049
3109	3057
3140	3109
2989	3140
3010	2989
3036	3010
3058	3036
2995	3058
2983	2995
2959	2983
2886	2959
2857	2886
2793	2857
2735	2793
2684	2735
2798	2684
3081	2798
3013	3081
2815	3013
3182	2815
3179	3182
3101	3179
2980	3101
2851	2980
3024	2851
2813	3024
3029	2813
3104	3029
3125	3104
3126	3125
3122	3126
3055	3122
3030	3055
2978	3030
2841	2978
2722	2841
2823	2722
2807	2823
3026	2807
3056	3026
3019	3056
2972	3019
2736	2972
2754	2736
2726	2754
3027	2726
2845	3027
2832	2845
2717	2832
2806	2717
2745	2806
2794	2745
2679	2794
2933	2679
2961	2933
2936	2961
2863	2936
2915	2863
2926	2915
2784	2926
2803	2784
2789	2803
2877	2789
2931	2877
2909	2931
2887	2909
2993	2887
3095	2993
2891	3095
2974	2891
2922	2974
2910	2922
2900	2910
2898	2900
2893	2898
2880	2893
2896	2880
2876	2896
2918	2876
2894	2918
2878	2894
2911	2878
2867	2911
2874	2867
2929	2874
2800	2929
2885	2800
2962	2885
3043	2962
2914	3043
2801	2914
2768	2801
2770	2768
2889	2770
2888	2889
2868	2888
2869	2868
2895	2869
2871	2895
2860	2871
2875	2860
2865	2875
2864	2865
2769	2864
2760	2769
2787	2760
2765	2787
2589	2765
2706	2589
2862	2706
2758	2862
2677	2758
2676	2677
2668	2676
2552	2668
2764	2552
2785	2764
2762	2785
2683	2762
2562	2683
2633	2562
2506	2633
2609	2506
2634	2609
2612	2634
2600	2612
2585	2600
2521	2585
2646	2521
2642	2646
3175	2642
2814	3175
2572	2814
2826	2572
2753	2826
2904	2753
2952	2904
2836	2952
2827	2836
2810	2827
2934	2810
2852	2934
2844	2852
2838	2844
2837	2838
2818	2837
2816	2818
2901	2816
2720	2901
2884	2720
2651	2884
2709	2651
2743	2709
2705	2743
2638	2705
2958	2638
2883	2958
2855	2883
2750	2855
2687	2750
2749	2687
2790	2749
2825	2790
2822	2825
3052	2822
3032	3052
2688	3032
2882	2688
2712	2882
2708	2712
2778	2708
2696	2778
2661	2696
2839	2661
2741	2839
2740	2741
2721	2740
2715	2721
2830	2715
2742	2830
2734	2742
2733	2734
2624	2733
2846	2624
2718	2846
2714	2718
2704	2714
2699	2704
2698	2699
2700	2698
2639	2700
2590	2639
2587	2590
2598	2587
2563	2598
2652	2563
2819	2652
2786	2819
2773	2786
2797	2773
2908	2797
2782	2908
2799	2782
2663	2799
2671	2663
2556	2671
2515	2556
2682	2515
2780	2682
2776	2780
2613	2776
2920	2613
2879	2920
2890	2879
2791	2890
2767	2791
2774	2767
2772	2774
2701	2772
2804	2701
2575	2804
2596	2575
2567	2596
2792	2567
2538	2792
2548	2538
2747	2548
2755	2747
2691	2755
2622	2691
2777	2622
2681	2777
2686	2681
2674	2686
2667	2674
2664	2667
2659	2664
2802	2659
2861	2802
2693	2861
2763	2693
2694	2763
2631	2694
2593	2631
2591	2593
2710	2591
2579	2710
2604	2579
2680	2604
2954	2680
2599	2954
2539	2599
2775	2539
2594	2775
2595	2594
2491	2595
2517	2491
2766	2517
2757	2766
2524	2757
2509	2524
2602	2509
2545	2602
2689	2545
2669	2689
2526	2669
2685	2526
2870	2685
2905	2870
2866	2905
2779	2866
2628	2779
2462	2628
2557	2462
2499	2557
2542	2499
2588	2542
2493	2588
2553	2493
2692	2553
2673	2692
2626	2673
2623	2626
2655	2623
2643	2655
2581	2643
2427	2581
2502	2427
2695	2502
2842	2695
2820	2842
2817	2820
2723	2817
2707	2723
2678	2707
2625	2678
2621	2625
2607	2621
2339	2607
2583	2339
2577	2583
2468	2577
2440	2468
2334	2440
2486	2334
2458	2486
2463	2458
2654	2463
2666	2654
2648	2666
2619	2648
2490	2619
2518	2490
2475	2518
2352	2475
2365	2352
2473	2365
2359	2473
2358	2359
2354	2358
2350	2354
2441	2350
2647	2441
2658	2647
2812	2658
2737	2812
2719	2737
2603	2719
2805	2603
2630	2805
2576	2630
2584	2576
2554	2584
2551	2554
2582	2551
2606	2582
2716	2606
2650	2716
2636	2650
2629	2636
2615	2629
2616	2615
2632	2616
2580	2632
2531	2580
2522	2531
2662	2522
2525	2662
2520	2525
2501	2520
2453	2501
2472	2453
2459	2472
2456	2459
2429	2456
2796	2429
2761	2796
2670	2761
2610	2670
2471	2610
2540	2471
2759	2540
2547	2759
2536	2547
2660	2536
2371	2660
2326	2371
2675	2326
2355	2675
2320	2355
2302	2320
2346	2302
2369	2346
2537	2369
2519	2537
2482	2519
2511	2482
2546	2511
2508	2546
2495	2508
2635	2495
2478	2635
2428	2478
1965	2428
2485	1965
2480	2485
2470	2480
2474	2470
2424	2474
2781	2424
2732	2781
2592	2732
2608	2592
2657	2608
2366	2657
2523	2366
2618	2523
2418	2618
2412	2418
2555	2412
2530	2555
2543	2530
2665	2543
2411	2665
2373	2411
2465	2373
2560	2465
2534	2560
2407	2534
2611	2407
2533	2611
2409	2533
2527	2409
2569	2527
2487	2569
2477	2487
2406	2477
2464	2406
2423	2464
2467	2423
2481	2467
2496	2481
2466	2496
2479	2466
2449	2479
2448	2449
2401	2448
2286	2401
2281	2286
2397	2281
2405	2397
2484	2405
2601	2484
2586	2601
2544	2586
2558	2544
2460	2558
2420	2460
2290	2420
2251	2290
2454	2251
2376	2454
2378	2376
2278	2378
2364	2278
2229	2364
2260	2229
2243	2260
2214	2243
1934	2214
2028	1934
2443	2028
2306	2443
2277	2306
2375	2277
2377	2375
2351	2377
2323	2351
2450	2323
2514	2450
2516	2514
2437	2516
2426	2437
2345	2426
2340	2345
2317	2340
2222	2317
2297	2222
2335	2297
2329	2335
2372	2329
2363	2372
2298	2363
2226	2298
2199	2226
2178	2199
2344	2178
2325	2344
2319	2325
2056	2319
2209	2056
2296	2209
2513	2296
2550	2513
2597	2550
2457	2597
2447	2457
2444	2447
2425	2444
2809	2425
2831	2809
2843	2831
2574	2843
2571	2574
2570	2571
2566	2570
2529	2566
2422	2529
2415	2422
2561	2415
2690	2561
2559	2690
2461	2559
2494	2461
2469	2494
2578	2469
2568	2578
2512	2568
2565	2512
2498	2565
2564	2498
2535	2564
2419	2535
2391	2419
2413	2391
2394	2413
2382	2394
2380	2382
2293	2380
2276	2293
2272	2276
2483	2272
2573	2483
2549	2573
2541	2549
2497	2541
2528	2497
2476	2528
2432	2476
2191	2432
2232	2191
2510	2232
2316	2510
2503	2316
2507	2503
2338	2507
2505	2338
2347	2505
2360	2347
2361	2360
2672	2361
2367	2672
2788	2367
2771	2788
2656	2771
2348	2656
2374	2348
2356	2374
2337	2356
2313	2337
2311	2313
2333	2311
2343	2333
2357	2343
2342	2357
2327	2342
2321	2327
2314	2321
2310	2314
2309	2310
2308	2309
2353	2308
2304	2353
2303	2304
2300	2303
2105	2300
2101	2105
2086	2101
2072	2086
2068	2072
2074	2068
2085	2074
2446	2085
2312	2446
2287	2312
2292	2287
2275	2292
2230	2275
2283	2230
2504	2283
2500	2504
2213	2500
2239	2213
2451	2239
2392	2451
2398	2392
2255	2398
2237	2255
2194	2237
2139	2194
2148	2139
2206	2148
2211	2206
2182	2211
2172	2182
2204	2172
2268	2204
2421	2268
2240	2421
2235	2240
2257	2235
2455	2257
2452	2455
2492	2452
2489	2492
2436	2489
2445	2436
2442	2445
2395	2442
2435	2395
2400	2435
2399	2400
2385	2399
2295	2385
2284	2295
2215	2284
2202	2215
2336	2202
2264	2336
2270	2264
2261	2270
2109	2261
2267	2109
1963	2267
1835	1963
2291	1835
2271	2291
2288	2271
2256	2288
2233	2256
2208	2233
1941	2208
2151	1941
1980	2151
2176	1980
2322	2176
2196	2322
2404	2196
2403	2404
2402	2403
2389	2402
2221	2389
2227	2221
2266	2227
2254	2266
2433	2254
2383	2433
2282	2383
2273	2282
2269	2273
2259	2269
2368	2259
2252	2368
2205	2252
2188	2205
2225	2188
2245	2225
2189	2245
2168	2189
2195	2168
2193	2195
2488	2193
2532	2488
2324	2532
2184	2324
2370	2184
2331	2370
2315	2331
2094	2315
2081	2094
2087	2081
2095	2087
2069	2095
2035	2069
2071	2035
2075	2071
2057	2075
2049	2057
2042	2049
2036	2042
2040	2036
2065	2040
2061	2065
2038	2061
2039	2038
2091	2039
2220	2091
2097	2220
2285	2097
2152	2285
2165	2152
2104	2165
2077	2104
2090	2077
2096	2090
2307	2096
2301	2307
2103	2301
2080	2103
2079	2080
2305	2079
2088	2305
2082	2088
2067	2082
2089	2067
2066	2089
2047	2066
2048	2047
2043	2048
2053	2043
2330	2053
2197	2330
2379	2197
2044	2379
2187	2044
2242	2187
2265	2242
2164	2265
1960	2164
1948	1960
2207	1948
2210	2207
2160	2210
2262	2160
2223	2262
2113	2223
2118	2113
2173	2118
2016	2173
1970	2016
2158	1970
2131	2158
1969	2131
2231	1969
2236	2231
2163	2236
2159	2163
2156	2159
1962	2156
1944	1962
1968	1944
1956	1968
1920	1956
1914	1920
1881	1914
1833	1881
1862	1833
1879	1862
1898	1879
1952	1898
1959	1952
2154	1959
2031	2154
1973	2031
2185	1973
2318	2185
2153	2318
2150	2153
2106	2150
2017	2106
2083	2017
2060	2083
2025	2060
2004	2025
2093	2004
2155	2093
2100	2155
2248	2100
2175	2248
2098	2175
2126	2098
2258	2126
2228	2258
2253	2228
2137	2253
2241	2137
2181	2241
2128	2181
2145	2128
2244	2145
2274	2244
2238	2274
2180	2238
2143	2180
2138	2143
2132	2138
2092	2132
1840	2092
1926	1840
1836	1926
1936	1836
1924	1936
1687	1924
1938	1687
1953	1938
1893	1953
1925	1893
2162	1925
1933	2162
1643	1933
1908	1643
2133	1908
2157	2133
2123	2157
2124	2123
2247	2124
2136	2247
2167	2136
2166	2167
2117	2166
1955	2117
1949	1955
1922	1949
1930	1922
1950	1930
1942	1950
1939	1942
1946	1939
2119	1946
1912	2119
1909	1912
1913	1909
1935	1913
1907	1935
1900	1907
1889	1900
1906	1889
1894	1906
2219	1894
2161	2219
2070	2161
2021	2070
2064	2021
2341	2064
2349	2341
2332	2349
2328	2332
2190	2328
2294	2190
2417	2294
2299	2417
2279	2299
2171	2279
2108	2171
2026	2108
1884	2026
1771	1884
2020	1771
1961	2020
1958	1961
2110	1958
1957	2110
2007	1957
1848	2007
2078	1848
1971	2078
1947	1971
1869	1947
1940	1869
1910	1940
1880	1910
1860	1880
1888	1860
1839	1888
2183	1839
2218	2183
2135	2218
2102	2135
1966	2102
1937	1966
1932	1937
1911	1932
1780	1911
1770	1780
1764	1770
1854	1764
1773	1854
1758	1773
1602	1758
1808	1602
1874	1808
1849	1874
1895	1849
1901	1895
2029	1901
2055	2029
2046	2055
2037	2046
2009	2037
1977	2009
2022	1977
2149	2022
2114	2149
2045	2114
2054	2045
2052	2054
2249	2052
2179	2249
2250	2179
2280	2250
2246	2280
2201	2246
2192	2201
2186	2192
2177	2186
2174	2177
2127	2174
1964	2127
2200	1964
2198	2200
1891	2198
1882	1891
2030	1882
2019	2030
2018	2019
2014	2018
2010	2014
1987	2010
2001	1987
1992	2001
2002	1992
1834	2002
1981	1834
2050	1981
2062	2050
2000	2062
2058	2000
2063	2058
2015	2063
2012	2015
1999	2012
2011	1999
2032	2011
2041	2032
1811	2041
1974	1811
1871	1974
1801	1871
1794	1801
2034	1794
1997	2034
1995	1997
1994	1995
1991	1994
2024	1991
1993	2024
1972	1993
1850	1972
1982	1850
1929	1982
1868	1929
1827	1868
1998	1827
1918	1998
1872	1918
1919	1872
1876	1919
1846	1876
1857	1846
1903	1857
1782	1903
1865	1782
1988	1865
1870	1988
1829	1870
1815	1829
1813	1815
1738	1813
2033	1738
2059	2033
1745	2059
2003	1745
2008	2003
1985	2008
1983	1985
1858	1983
1976	1858
1979	1976
1989	1979
2099	1989
2051	2099
2027	2051
1861	2027
2006	1861
1986	2006
1905	1986
1886	1905
1899	1886
2170	1899
2362	2170
1954	2362
1945	1954
1822	1945
1921	1822
1646	1921
1875	1646
1760	1875
2023	1760
1928	2023
1859	1928
1696	1859
1672	1696
1664	1672
1658	1664
1779	1658
1776	1779
1781	1776
1917	1781
1856	1917
1763	1856
1678	1763
1665	1678
1890	1665
1931	1890
1769	1931
1820	1769
1761	1820
1788	1761
1951	1788
1867	1951
1887	1867
1784	1887
1864	1784
1853	1864
1877	1853
1866	1877
1841	1866
1847	1841
1837	1847
1852	1837
1916	1852
1844	1916
1855	1844
1927	1855
2084	1927
2005	2084
1892	2005
1873	1892
1878	1873
1975	1878
1843	1975
1641	1843
1768	1641
1663	1768
1681	1663
1499	1681
1462	1499
1511	1462
1923	1511
1756	1923
1722	1756
1767	1722
1762	1767
1720	1762
1714	1720
1676	1714
1673	1676
1670	1673
1659	1670
1759	1659
1682	1759
1655	1682
1765	1655
1753	1765
1700	1753
1752	1700
1772	1752
1739	1772
1728	1739
1699	1728
1442	1699
1538	1442
1812	1538
1668	1812
1750	1668
1692	1750
1783	1692
1661	1783
1637	1661
1786	1637
1806	1786
1804	1806
1777	1804
1725	1777
1712	1725
1740	1712
1817	1740
1825	1817
1978	1825
1984	1978
1798	1984
1842	1798
1826	1842
1736	1826
1717	1736
1622	1717
1589	1622
1585	1589
1747	1585
1632	1747
2073	1632
2076	2073
2013	2076
1996	2013
1897	1996
1832	1897
1830	1832
1802	1830
1818	1802
1845	1818
1731	1845
1743	1731
1633	1743
1814	1633
1748	1814
1990	1748
1819	1990
1733	1819
1800	1733
1708	1800
1790	1708
1577	1790
1746	1577
1609	1746
1588	1609
1542	1588
1521	1542
1536	1521
1615	1536
1591	1615
1621	1591
1618	1621
1807	1618
1559	1807
1796	1559
1730	1796
1721	1730
1805	1721
1724	1805
1716	1724
1709	1716
1824	1709
1793	1824
1775	1793
1774	1775
1711	1774
1742	1711
1751	1742
1754	1751
1534	1754
1831	1534
1809	1831
1828	1809
1803	1828
1789	1803
1614	1789
1710	1614
1636	1710
1620	1636
1617	1620
1645	1617
1718	1645
1823	1718
1797	1823
1744	1797
1726	1744
1568	1726
1727	1568
1684	1727
1666	1684
1650	1666
1656	1650
1642	1656
1883	1642
1904	1883
1690	1904
1554	1690
1838	1554
1540	1838
1795	1540
1766	1795
1757	1766
1755	1757
1705	1755
1685	1705
1653	1685
1479	1653
1715	1479
1579	1715
1799	1579
1821	1799
1810	1821
1597	1810
1737	1597
1635	1737
1691	1635
1654	1691
1689	1654
1713	1689
1816	1713
1729	1816
1627	1729
1619	1627
1628	1619
1586	1628
1611	1586
1603	1611
1543	1603
1702	1543
1686	1702
1596	1686
1517	1596
1500	1517
1491	1500
1501	1491
1498	1501
1599	1498
1644	1599
1550	1644
1590	1550
1582	1590
1605	1582
1537	1605
1523	1537
1575	1523
1735	1575
1791	1735
1723	1791
1629	1723
1741	1629
1697	1741
1634	1697
1630	1634
1625	1630
1430	1625
1472	1430
1497	1472
1707	1497
1694	1707
1787	1694
1598	1787
1539	1598
1450	1539
1580	1450
1639	1580
1649	1639
1480	1649
1452	1480
1448	1452
1447	1448
1441	1447
1461	1441
1360	1461
1421	1360
1384	1421
1362	1384
1357	1362
1243	1357
1205	1243
1231	1205
1648	1231
1478	1648
1719	1478
1592	1719
1792	1592
1732	1792
1584	1732
1623	1584
1613	1623
1604	1613
1706	1604
1401	1706
1303	1401
1734	1303
1576	1734
1528	1576
1562	1528
1594	1562
1593	1594
1563	1593
1578	1563
1546	1578
1519	1546
1302	1519
1616	1302
1327	1616
1285	1327
1282	1285
1440	1282
1561	1440
1608	1561
1513	1608
1553	1513
1492	1553
1490	1492
1454	1490
1464	1454
1445	1464
1436	1445
1484	1436
1863	1484
1567	1863
1335	1567
1463	1335
1514	1463
1486	1514
1778	1486
1657	1778
1508	1657
1504	1508
1510	1504
1503	1510
1455	1503
1344	1455
1353	1344
1473	1353
1342	1473
1349	1342
1509	1349
1496	1509
1260	1496
1347	1260
1340	1347
1555	1340
1565	1555
1527	1565
1522	1527
1507	1522
1354	1507
1308	1354
1227	1308
1240	1227
1318	1240
1332	1318
1311	1332
1225	1311
1196	1225
1216	1196
1119	1216
1352	1119
1385	1352
1587	1385
1429	1587
1434	1429
1321	1434
1351	1321
1339	1351
1063	1339
699	1063
1015	699
787	1015
656	787
1150	656
1215	1150
1489	1215
1502	1489
1488	1502
1331	1488
1446	1331
1453	1446
1495	1453
1651	1495
1494	1651
1595	1494
1530	1595
1468	1530
1106	1468
1470	1106
1469	1470
1465	1469
1444	1465
1439	1444
1438	1439
1437	1438
1435	1437
1433	1435
1431	1433
1355	1431
1358	1355
1337	1358
1451	1337
1638	1451
1506	1638
1600	1506
1477	1600
1569	1477
1359	1569
1345	1359
1343	1345
1341	1343
1338	1341
1333	1338
1483	1333
1449	1483
1674	1449
1675	1674
1607	1675
1647	1607
1570	1647
1558	1570
1560	1558
1573	1560
1548	1573
1544	1548
1552	1544
1551	1552
1533	1551
1412	1533
1581	1412
1624	1581
1631	1624
1626	1631
1612	1626
1601	1612
1541	1601
1571	1541
1381	1571
1547	1381
1361	1547
1481	1361
1471	1481
1457	1471
1475	1457
1250	1475
1229	1250
1162	1229
1466	1162
1610	1466
1419	1610
1391	1419
1606	1391
1545	1606
1556	1545
1531	1556
1574	1531
1516	1574
1427	1516
1425	1427
1424	1425
1418	1424
1416	1418
1422	1416
1525	1422
1426	1525
1520	1426
1423	1520
1420	1423
1417	1420
1411	1417
1410	1411
1415	1410
1414	1415
1383	1414
1386	1383
1395	1386
1407	1395
1529	1407
1572	1529
1524	1572
1518	1524
1408	1518
1403	1408
1397	1403
1389	1397
1404	1389
1487	1404
1396	1487
1299	1396
1549	1299
1566	1549
1535	1566
1526	1535
1409	1526
1413	1409
1406	1413
1405	1406
1400	1405
1398	1400
1306	1398
1280	1306
1273	1280
1160	1273
1290	1160
1289	1290
1388	1289
1402	1388
1293	1402
1493	1293
1366	1493
1310	1366
1346	1310
1305	1346
1291	1305
1209	1291
1206	1209
1168	1206
1158	1168
1246	1158
1294	1246
1387	1294
1248	1387
1188	1248
1295	1188
1217	1295
1210	1217
1242	1210
996	1242
1249	996
1223	1249
1458	1223
1334	1458
1476	1334
1482	1476
1190	1482
1171	1190
1197	1171
949	1197
1097	949
1062	1097
1307	1062
1124	1307
1128	1124
1103	1128
1051	1103
1107	1051
1281	1107
1247	1281
1156	1247
1278	1156
1300	1278
1378	1300
1393	1378
1390	1393
1382	1390
1379	1382
1375	1379
1374	1375
1372	1374
1371	1372
1392	1371
1363	1392
1369	1363
1370	1369
1367	1370
1365	1367
1364	1365
1380	1364
1269	1380
1252	1269
1296	1252
1330	1296
1583	1330
1265	1583
1322	1265
1336	1322
1316	1336
1297	1316
1314	1297
1373	1314
1268	1373
1262	1268
1256	1262
1377	1256
1275	1377
1270	1275
1304	1270
1329	1304
1428	1329
1258	1428
1137	1258
1467	1137
1235	1467
1234	1235
1485	1234
1460	1485
1432	1460
1350	1432
1348	1350
1326	1348
1237	1326
1228	1237
1185	1228
1456	1185
1325	1456
1241	1325
1236	1241
1138	1236
1026	1138
1226	1026
1640	1226
1320	1640
1264	1320
1239	1264
1146	1239
1105	1146
1147	1105
1207	1147
1145	1207
1125	1145
1121	1125
1034	1121
1191	1034
1046	1191
1148	1046
1047	1148
1204	1047
997	1204
992	997
940	992
854	940
1028	854
1021	1028
889	1021
1044	889
1267	1044
1266	1267
1274	1266
1179	1274
1272	1179
1286	1272
1279	1286
1277	1279
1276	1277
1283	1276
1255	1283
1177	1255
1251	1177
1253	1251
1287	1253
1399	1287
1257	1399
1200	1257
1020	1200
1024	1020
1271	1024
1261	1271
1180	1261
1152	1180
1189	1152
1292	1189
1183	1292
1174	1183
1165	1174
1199	1165
1175	1199
1394	1175
1532	1394
1376	1532
1298	1376
1368	1298
1208	1368
1301	1208
1192	1301
1263	1192
1259	1263
1155	1259
1126	1155
1037	1126
965	1037
1004	965
1001	1004
947	1001
959	947
945	959
868	945
879	868
1032	879
1164	1032
1056	1164
1144	1056
1203	1144
1324	1203
1512	1324
1213	1512
1198	1213
1211	1198
1212	1211
1232	1212
1186	1232
1182	1186
1184	1182
1114	1184
1141	1114
1181	1141
1202	1181
1170	1202
1159	1170
1288	1159
1238	1288
1323	1238
1244	1323
1218	1244
1315	1218
1245	1315
1317	1245
1219	1317
1096	1219
1139	1096
1312	1139
1230	1312
1133	1230
1142	1133
1112	1142
1085	1112
1074	1085
1163	1074
1140	1163
753	1140
1131	753
1110	1131
1079	1110
1108	1079
1035	1108
962	1035
1038	962
862	1038
861	862
784	861
921	784
913	921
1083	913
1102	1083
1068	1102
977	1068
922	977
972	922
1070	972
978	1070
1050	978
1122	1050
1195	1122
1173	1195
1161	1173
1151	1161
1043	1151
1166	1043
1029	1166
1005	1029
1039	1005
1127	1039
1095	1127
1092	1095
1149	1092
1143	1149
1018	1143
1030	1018
989	1030
1099	989
655	1099
1000	655
994	1000
1135	994
1214	1135
1187	1214
1055	1187
1003	1055
995	1003
957	995
1017	957
888	1017
912	888
955	912
941	955
1134	941
1129	1134
859	1129
910	859
887	910
953	887
907	953
866	907
905	866
902	905
801	902
661	801
737	661
734	737
717	734
664	717
603	664
609	603
600	609
730	600
733	730
1113	733
891	1113
1221	891
1233	1221
1220	1233
893	1220
1309	893
1130	1309
1081	1130
1091	1081
1077	1091
1076	1077
1090	1076
1089	1090
1042	1089
1040	1042
1036	1040
1033	1036
1116	1033
1136	1116
1224	1136
1066	1224
1120	1066
1104	1120
667	1104
554	667
1023	554
1115	1023
1109	1115
1118	1109
1117	1118
1111	1117
1123	1111
1101	1123
721	1101
736	721
716	736
697	716
713	697
747	713
1067	747
1167	1067
1254	1167
1222	1254
1178	1222
1172	1178
1008	1172
924	1008
1007	924
990	1007
986	990
963	986
1045	963
1006	1045
1154	1006
1012	1154
1153	1012
987	1153
1002	987
974	1002
969	974
988	969
1027	988
970	1027
1157	970
993	1157
982	993
1025	982
1048	1025
999	1048
998	999
946	998
981	946
966	981
916	966
915	916
882	915
984	882
961	984
885	961
958	885
950	958
1078	950
1075	1078
985	1075
1072	985
979	1072
975	979
1016	975
956	1016
951	956
925	951
909	925
842	909
906	842
904	906
919	904
1176	919
1169	1176
983	1169
898	983
751	898
743	751
1082	743
785	1082
973	785
1071	973
1049	1071
701	1049
754	701
931	754
744	931
692	744
698	692
682	698
673	682
723	673
670	723
590	670
587	590
446	587
867	446
964	867
876	964
944	876
936	944
927	936
935	927
933	935
917	933
914	917
896	914
877	896
1013	877
869	1013
980	869
903	980
920	903
900	920
948	900
911	948
1009	911
926	1009
827	926
1031	827
805	1031
812	805
808	812
765	808
684	765
746	684
702	746
691	702
683	691
650	683
705	650
653	705
865	653
740	865
660	740
695	660
634	695
580	634
665	580
645	665
591	645
589	591
406	589
894	406
895	894
864	895
890	864
839	890
803	839
796	803
538	796
830	538
872	830
881	872
834	881
798	834
553	798
540	553
439	540
407	439
470	407
811	470
863	811
850	863
844	850
552	844
833	552
791	833
840	791
775	840
932	775
939	932
976	939
1443	976
1284	1443
1201	1284
1194	1201
1022	1194
1014	1022
1061	1014
1010	1061
1019	1010
960	1019
937	960
928	937
838	928
886	838
853	886
929	853
942	929
1100	942
1065	1100
1064	1065
644	1064
860	644
852	860
772	852
679	772
696	679
649	696
763	649
1054	763
769	1054
750	769
745	750
739	745
685	739
681	685
706	681
825	706
818	825
884	818
762	884
874	762
826	874
878	826
954	878
856	954
918	856
943	918
991	943
967	991
908	967
883	908
934	883
899	934
831	899
843	831
848	843
841	848
824	841
806	824
828	806
823	828
819	823
562	819
776	562
797	776
767	797
847	767
821	847
845	821
858	845
815	858
820	815
835	820
749	835
703	749
629	703
720	629
707	720
658	707
901	658
923	901
892	923
718	892
813	718
795	813
780	795
690	780
566	690
567	566
675	567
651	675
793	651
628	793
654	628
621	654
623	621
714	623
709	714
689	709
672	689
659	672
677	659
616	677
601	616
712	601
619	712
646	619
722	646
755	722
674	755
638	674
669	638
640	669
635	640
875	635
809	875
938	809
873	938
857	873
779	857
778	779
822	778
930	822
804	930
855	804
817	855
836	817
794	836
777	794
687	777
548	687
783	548
802	783
792	802
799	792
790	799
789	790
770	789
851	770
829	851
800	829
766	800
648	766
849	648
756	849
617	756
614	617
642	614
625	642
530	625
463	530
612	463
559	612
678	559
652	678
643	652
489	643
475	489
759	475
810	759
742	810
760	742
409	760
476	409
564	476
807	564
846	807
837	846
816	837
788	816
570	788
626	570
618	626
579	618
676	579
633	676
417	633
378	417
521	378
688	521
1041	688
680	1041
971	680
662	971
952	662
704	952
693	704
710	693
724	710
657	724
880	657
731	880
647	731
613	647
608	613
594	608
575	594
572	575
550	572
515	550
584	515
611	584
663	611
514	663
513	514
544	513
451	544
545	451
637	545
607	637
512	607
426	512
316	426
462	316
543	462
632	543
786	632
782	786
671	782
565	671
764	565
473	764
771	473
455	771
433	455
226	433
239	226
814	239
773	814
781	773
832	781
568	832
569	568
571	569
472	571
456	472
423	456
469	423
468	469
774	468
535	774
233	535
332	233
218	332
352	218
497	352
518	497
401	518
397	401
386	397
494	386
598	494
527	598
599	527
504	599
526	504
516	526
498	516
500	498
523	500
519	523
636	519
615	636
508	615
627	508
461	627
201	461
454	201
622	454
465	622
558	465
585	558
604	585
563	604
542	563
529	542
480	529
484	480
280	484
288	280
477	288
373	477
269	373
261	269
367	261
376	367
394	376
427	394
610	427
578	610
556	578
502	556
528	502
532	528
525	532
639	525
576	639
483	576
481	483
496	481
380	496
418	380
434	418
393	434
412	393
392	412
492	392
400	492
457	400
491	457
487	491
411	487
488	411
581	488
577	581
486	577
485	486
459	485
361	459
355	361
450	355
768	450
561	768
546	561
445	546
187	445
205	187
191	205
216	191
238	216
533	238
539	533
624	539
631	624
573	631
493	573
482	493
428	482
557	428
541	557
458	541
444	458
440	444
424	440
537	424
206	537
196	206
213	196
199	213
197	199
310	197
267	310
258	267
265	258
334	265
370	334
371	370
369	371
362	369
360	362
320	360
311	320
262	311
328	262
435	328
253	435
241	253
431	241
255	431
312	255
630	312
520	630
597	520
555	597
524	555
509	524
506	509
419	506
358	419
389	358
452	389
507	452
399	507
460	399
429	460
666	429
315	666
307	315
347	307
268	347
344	268
495	344
340	495
313	340
331	313
415	331
354	415
336	354
297	336
106	297
605	106
606	605
511	606
505	511
668	505
586	668
517	586
405	517
499	405
395	499
377	395
363	377
356	363
368	356
510	368
501	510
382	501
490	382
503	490
390	503
438	390
413	438
391	413
385	391
357	385
348	357
327	348
383	327
299	383
294	299
388	294
522	388
574	522
467	574
464	467
531	464
379	531
384	379
345	384
536	345
479	536
449	479
453	449
228	453
447	228
430	447
422	430
408	422
436	408
222	436
425	222
466	425
441	466
242	441
219	242
224	219
163	224
471	163
560	471
231	560
229	231
200	229
223	200
432	223
221	432
214	221
194	214
203	194
190	203
188	190
175	188
182	175
168	182
208	168
195	168
158	195
114	195
282	114
350	282
346	350
342	346
443	342
442	443
305	442
372	305
404	372
289	404
365	289
324	365
252	324
249	252
275	249
270	275
90	270
329	90
349	329
326	349
159	326
22	326
181	22
151	181
117	181
101	117
63	101
116	63
102	116
92	102
155	92
138	155
279	138
364	279
375	364
359	375
353	359
254	353
338	254
374	338
534	374
416	534
421	416
335	421
366	335
341	366
260	341
112	260
96	112
133	96
34	133
33	34
88	33
91	88
85	91
351	85
330	351
244	330
318	244
60	318
141	60
403	141
296	403
381	296
387	381
283	387
286	283
227	286
103	227
89	103
247	89
211	247
147	211
137	147
220	137
551	220
549	551
140	549
448	140
162	448
152	162
164	152
215	164
232	215
104	232
75	104
243	75
281	243
276	281
274	276
108	274
77	108
76	77
64	76
48	64
21	48
71	21
18	48
273	18
12	273
113	12
118	113
323	118
306	323
303	306
240	303
237	240
474	237
154	474
293	154
290	293
257	290
246	257
333	246
81	333
55	81
414	55
339	414
321	339
80	321
43	80
230	43
210	230
115	210
16	115
148	16
157	148
478	157
437	478
234	437
186	234
180	186
165	180
149	165
129	149
173	129
150	173
193	150
184	193
176	184
171	176
207	171
212	207
204	212
170	204
139	204
153	139
166	207
185	171
143	185
172	143
132	172
134	185
135	184
128	135
123	437
121	157
142	121
97	142
131	97
126	131
53	126
58	131
298	58
308	298
209	308
167	209
225	167
62	225
259	62
295	259
111	295
93	111
83	93
86	83
292	86
287	292
236	287
98	236
99	98
256	99
146	256
402	146
27	402
74	27
10	27
136	10
130	136
202	130
177	202
160	177
178	160
122	177
36	122
35	36
20	35
145	202
127	145
124	145
40	124
198	40
100	198
65	100
73	65
32	65
169	32
78	169
4	32
41	146
8	41
82	8
70	82
69	70
42	69
248	42
84	42
23	84
11	23
25	11
3	25
39	42
107	39
44	107
14	69
31	14
38	70
1	41
37	1
52	37
0	86
2	0
49	2
28	111
46	298
24	46
15	46
13	43
87	55
56	87
51	55
50	51
9	50
110	113
5	273
161	448
156	161
125	220
144	125
217	144
68	141
183	68
17	183
47	68
57	141
120	57
174	120
59	174
54	59
19	63
29	195
278	444
