Cell
5106
5081
5125
3513
3835
4594
2344
3605
2093
4616
4907
4775
3556
4736
3729
3420
3416
2801
2717
4871
623
2071
4737
2685
4814
4219
4819
4514
1484
3790
4666
4981
2886
4870
3806
4769
4811
4794
4975
5119
2899
4147
3573
5116
1485
4693
2507
4166
1164
4993
4835
973
4139
4734
1691
4947
2999
4909
1883
3524
3932
1161
5060
594
4644
4895
625
4984
4338
5120
4936
1078
1178
3873
797
4880
4955
4806
5127
5041
3898
4813
4982
4841
640
1425
4352
4690
4969
5035
4842
4684
2556
5018
4902
265
1303
4965
4711
4939
1273
