Cell
5106
55
59
75
101
115
116
121
138
153
255
257
265
351
363
370
430
452
479
482
487
491
528
553
585
587
594
607
623
625
633
634
640
645
681
709
751
754
760
790
797
815
843
845
862
875
894
896
912
973
978
984
988
1006
1030
1070
1074
1078
1115
1158
1161
1164
1172
1178
1216
1244
1248
1263
1273
1276
1293
1295
1299
1303
1317
1322
1330
1342
1363
1374
1375
1376
1425
1429
1484
1485
1503
1509
1550
1566
1577
1611
1614
1626
1650
1684
1691
1718
1728
1740
1758
1776
1778
1830
1840
1848
1875
1883
1928
1968
2048
2071
2093
2100
2133
2180
2194
2220
2237
2264
2282
2314
2323
2336
2344
2345
2349
2358
2363
2389
2415
2418
2421
2425
2429
2479
2507
2528
2549
2556
2621
2622
2685
2717
2749
2762
2764
2801
2815
2820
2826
2874
2880
2886
2896
2899
2914
2931
2978
2999
3000
3054
3056
3084
3093
3224
3251
3254
3268
3307
3315
3321
3332
3368
3370
3416
3420
3474
3502
3505
3508
3513
3524
3551
3556
3573
3579
3594
3597
3605
3613
3623
3626
3628
3705
3707
3723
3729
3762
3764
3770
3790
3803
3806
3819
3829
3833
3835
3873
3898
3911
3916
3920
3923
3932
3943
3986
4006
4032
4061
4092
4106
4121
4139
4147
4148
4160
4166
4189
4219
4228
4233
4270
4276
4300
4304
4320
4335
4337
4338
4352
4369
4402
4425
4433
4464
4471
4473
4499
4502
4514
4517
4519
4530
4532
4534
4535
4537
4539
4557
4565
4568
4592
4594
4597
4603
4605
4616
4617
4618
4619
4620
4627
4640
4643
4644
4645
4648
4650
4655
4656
4666
4667
4670
4675
4676
4678
4679
4680
4683
4684
4686
4687
4689
4690
4693
4700
4701
4704
4706
4708
4711
4713
4715
4717
4718
4721
4728
4729
4730
4731
4734
4736
4737
4738
4739
4741
4742
4744
4749
4751
4757
4758
4764
4767
4769
4771
4772
4775
4778
4781
4782
4783
4784
4786
4791
4794
4800
4801
4802
4803
4804
4806
4807
4808
4810
4811
4812
4813
4814
4815
4816
4818
4819
4822
4828
4830
4832
4834
4835
4836
4838
4840
4841
4842
4843
4844
4845
4849
4850
4851
4858
4859
4864
4869
4870
4871
4874
4880
4881
4884
4893
4894
4895
4896
4900
4902
4904
4907
4909
4910
4913
4914
4916
4918
4925
4928
4932
4934
4935
4936
4938
4939
4940
4947
4952
4954
4955
4957
4958
4959
4962
4963
4965
4966
4967
4968
4969
4974
4975
4981
4982
4983
4984
4985
4986
4988
4989
4993
4994
4996
5004
5005
5006
5008
5013
5017
5018
5019
5021
5022
5023
5024
5026
5028
5032
5034
5035
5036
5038
5041
5042
5044
5046
5048
5049
5050
5052
5055
5059
5060
5063
5065
5066
5067
5070
5077
5078
5079
5081
5082
5085
5087
5092
5093
5094
5095
5096
5097
5098
5099
5100
5101
5103
5104
5105
5107
5109
5112
5113
5116
5117
5118
5119
5120
5121
5122
5123
5124
5125
5127
