Cell	Parent
5106	-1
5121	5106
5125	5121
5116	5125
5107	5116
5093	5107
5127	5093
5117	5127
5046	5117
5091	5046
5082	5091
5051	5082
5092	5051
5114	5092
5090	5114
5089	5090
5088	5089
5054	5088
5058	5054
5122	5058
5110	5122
5056	5110
5126	5056
5097	5126
4898	5097
4821	4898
4949	4821
5068	4949
5010	5068
5030	5010
4901	5030
5042	4901
5037	5042
5055	5037
5049	5055
5048	5049
5045	5048
5035	5045
4841	5035
5034	4841
5031	5034
5026	5031
4857	5026
5047	4857
5038	5047
5017	5038
4980	5017
5099	4980
5064	5099
5006	5064
5120	5006
4904	5120
5040	4904
5029	5040
5104	5029
5078	5104
5062	5078
5015	5062
4960	5015
4948	4960
5067	4948
5109	5067
4936	5109
4973	4936
5081	4973
5066	5081
5124	5066
5113	5124
5074	5113
5073	5074
5123	5073
5118	5123
5112	5118
5101	5112
5098	5101
5111	5098
5100	5111
5103	5100
4971	5103
5077	4971
5083	5077
5075	5083
5036	5075
5070	5036
5025	5070
4850	5025
5021	4850
5027	5021
5019	5027
5041	5019
5018	5041
5014	5018
5011	5014
5008	5011
4961	5008
4955	4961
4940	4955
4996	4940
4947	4996
5061	4947
4860	5061
4846	4860
4845	4846
4844	4845
4827	4844
4812	4827
4808	4812
4814	4808
4751	4814
4783	4751
4856	4783
4988	4856
4983	4988
4931	4983
4977	4931
5072	4977
5105	5072
5065	5105
5044	5065
4972	5044
4888	4972
4982	4888
5085	4982
4897	5085
4806	4897
4879	4806
5005	4879
5032	5005
5071	5032
5052	5071
5050	5052
4989	5050
5119	4989
5115	5119
5108	5115
5094	5108
5069	5094
5086	5069
5084	5086
4965	5084
5060	4965
5016	5060
5020	5016
5059	5020
5043	5059
5023	5043
5013	5023
4962	5013
5095	4962
4954	5095
4953	4954
4952	4953
4938	4952
4926	4938
4939	4926
5080	4939
5096	5080
4998	5096
4910	4998
4932	4910
4969	4932
4963	4969
4959	4963
4945	4959
4928	4945
4874	4928
4911	4874
4924	4911
5002	4924
4923	5002
4999	4923
5024	4999
4894	5024
4987	4894
4975	4987
5028	4975
5057	5028
5087	5057
5022	5087
5063	5022
4862	5063
4847	4862
5076	4847
4859	5076
4848	4859
4835	4848
4795	4835
4830	4795
4819	4830
4824	4819
4804	4824
4798	4804
4771	4798
4774	4771
4902	4774
4882	4902
4890	4882
4992	4890
5001	4992
5004	5001
5102	5004
4993	5102
4895	4993
4836	4895
4768	4836
4656	4768
4978	4656
4968	4978
4946	4968
4986	4946
4908	4986
4665	4908
4909	4665
4899	4909
4813	4899
4725	4813
4723	4725
4758	4723
4935	4758
4852	4935
4853	4852
4840	4853
5012	4840
4823	5012
4868	4823
4865	4868
4858	4865
4861	4858
4851	4861
4803	4851
4816	4803
4825	4816
4811	4825
4797	4811
4849	4797
4769	4849
4729	4769
4713	4729
4805	4713
4820	4805
4843	4820
4831	4843
4828	4831
4822	4828
4839	4822
4832	4839
4732	4832
4792	4732
4802	4792
4787	4802
4790	4787
4701	4790
4692	4701
4746	4692
4678	4746
4738	4678
4796	4738
5007	4796
4750	5007
4970	4750
4964	4970
4775	4964
4915	4775
4920	4915
4933	4920
4937	4933
4872	4937
4773	4872
4855	4773
4880	4855
4733	4880
4696	4733
4869	4696
4838	4869
5009	4838
4767	5009
4743	4767
4759	4743
4794	4759
4854	4794
4976	4854
4994	4976
4995	4994
4934	4995
4929	4934
4914	4929
4871	4914
4896	4871
4884	4896
4765	4884
4967	4765
4770	4967
4889	4770
4776	4889
4922	4776
4881	4922
4991	4881
4906	4991
4886	4906
4878	4886
4956	4878
4754	4956
4641	4754
4651	4641
4648	4651
4627	4648
4579	4627
4735	4579
4762	4735
4660	4762
4649	4660
4990	4649
4863	4990
4785	4863
4951	4785
4918	4951
4984	4918
4958	4984
4985	4958
5039	4985
4979	5039
4944	4979
4941	4944
4907	4941
4900	4907
4885	4900
4799	4885
4760	4799
4876	4760
4916	4876
4957	4916
4997	4957
4966	4997
4981	4966
4891	4981
4842	4891
4818	4842
4875	4818
4815	4875
4864	4815
4793	4864
4647	4793
4837	4647
4690	4837
4756	4690
4810	4756
4728	4810
4740	4728
4742	4740
4739	4742
4800	4739
4786	4800
4704	4786
4677	4704
4710	4677
4709	4710
4711	4709
4700	4711
4693	4700
4741	4693
4673	4741
4717	4673
4726	4717
4714	4726
4703	4714
4719	4703
4699	4719
4718	4699
4778	4718
5079	4778
5003	5079
5053	5003
5000	5053
4950	5000
4942	4950
4887	4942
4893	4887
4674	4893
4698	4674
4688	4698
4646	4688
4748	4646
4695	4748
4877	4695
4752	4877
4974	4752
4927	4974
4943	4927
4930	4943
4921	4930
4601	4921
4761	4601
4681	4761
4691	4681
4689	4691
4757	4689
4658	4757
4653	4658
4661	4653
4655	4661
4629	4655
4668	4629
4605	4668
4617	4605
4697	4617
4578	4697
4686	4578
4685	4686
4618	4685
4606	4618
4675	4606
4680	4675
4670	4680
4707	4670
4781	4707
4779	4781
4671	4779
4613	4671
4706	4613
4607	4706
4598	4607
4683	4598
4749	4683
4715	4749
4676	4715
4633	4676
4870	4633
4912	4870
4883	4912
4772	4883
4784	4772
4734	4784
4753	4734
4705	4753
4652	4705
4659	4652
4654	4659
4642	4654
4777	4642
4595	4777
4624	4595
4534	4624
4585	4534
4533	4585
4586	4533
4727	4586
4669	4727
4584	4669
4764	4584
4712	4764
4730	4712
4687	4730
4744	4687
4664	4744
4724	4664
4556	4724
4650	4556
4737	4650
4645	4737
4531	4645
4721	4531
4905	4721
4925	4905
4640	4925
4892	4640
4919	4892
4657	4919
4833	4657
4829	4833
4903	4829
5033	4903
4755	5033
4736	4755
4873	4736
4662	4873
4546	4662
4666	4546
4548	4666
4809	4548
4634	4809
4507	4634
4637	4507
4623	4637
4529	4623
4360	4529
4565	4360
4622	4565
4526	4622
4450	4526
4437	4450
4517	4437
4635	4517
4603	4635
4766	4603
4535	4766
4501	4535
4480	4501
4477	4480
4502	4477
4631	4502
4483	4631
4515	4483
4575	4515
4347	4575
4782	4347
4720	4782
4867	4720
4866	4867
4913	4866
4917	4913
4826	4917
4801	4826
4834	4801
4731	4834
4663	4731
4780	4663
4672	4780
4511	4672
4510	4511
4434	4510
4722	4434
4807	4722
4817	4807
4789	4817
4763	4789
4716	4763
4791	4716
4788	4791
4594	4788
4612	4594
4667	4612
4708	4667
4615	4708
4599	4615
4519	4599
4610	4519
4593	4610
4539	4593
4537	4539
4532	4537
4489	4532
4485	4489
4411	4485
4630	4411
4632	4630
4549	4632
4636	4549
4542	4636
4540	4542
4377	4540
4590	4377
4545	4590
4604	4545
4600	4604
4694	4600
4587	4694
4472	4587
4457	4472
4643	4457
4616	4643
4638	4616
4614	4638
4557	4614
4536	4557
4520	4536
4608	4520
4495	4608
4506	4495
4592	4506
4500	4592
4484	4500
4518	4484
4440	4518
4550	4440
4602	4550
4562	4602
4553	4562
4436	4553
4626	4436
4538	4626
4471	4538
4396	4471
4463	4396
4596	4463
4611	4596
4682	4611
4619	4682
4747	4619
4572	4747
4497	4572
4564	4497
4628	4564
4577	4628
4493	4577
4490	4493
4498	4490
4479	4498
4543	4479
4523	4543
4514	4523
4589	4514
4558	4589
4620	4558
4583	4620
4426	4583
4554	4426
4597	4554
4563	4597
4525	4563
4508	4525
4414	4508
4496	4414
4482	4496
4475	4482
4368	4475
4296	4368
4279	4296
4307	4279
4435	4307
4494	4435
4555	4494
4345	4555
4355	4345
4220	4355
4252	4220
4199	4252
4229	4199
4178	4229
4149	4178
4113	4149
4062	4113
4067	4062
4219	4067
4552	4219
4639	4552
4566	4639
4745	4566
4544	4745
4547	4544
4431	4547
4422	4431
4403	4422
4478	4403
4385	4478
4561	4385
4491	4561
4486	4491
4323	4486
4423	4323
4530	4423
4576	4530
4571	4576
4464	4571
4456	4464
4406	4456
4459	4406
4582	4459
4521	4582
4448	4521
4383	4448
4303	4383
4408	4303
4499	4408
4433	4499
4395	4433
4401	4395
4452	4401
4504	4452
4492	4504
4474	4492
4447	4474
4392	4447
4389	4392
4379	4389
4505	4379
4559	4505
4560	4559
4441	4560
4416	4441
4358	4416
4397	4358
4394	4397
4487	4394
4376	4487
4351	4376
4388	4351
4203	4388
4469	4203
4516	4469
4470	4516
4451	4470
4446	4451
4348	4446
4179	4348
4024	4179
4128	4024
4112	4128
4015	4112
4070	4015
3973	4070
4359	3973
4120	4359
4235	4120
4404	4235
4462	4404
4390	4462
4527	4390
4382	4527
4591	4382
4569	4591
4467	4569
4568	4467
4460	4568
4443	4460
4381	4443
4361	4381
4512	4361
4375	4512
4445	4375
4372	4445
4449	4372
4230	4449
4363	4230
4167	4363
4204	4167
4080	4204
3974	4080
4018	3974
4126	4018
4473	4126
4644	4473
4427	4644
4541	4427
4410	4541
4371	4410
4338	4371
4405	4338
4432	4405
4429	4432
4425	4429
4418	4425
4343	4418
4509	4343
4621	4509
4420	4621
4374	4420
4415	4374
4402	4415
4342	4402
4340	4342
4407	4340
4424	4407
4391	4424
4386	4391
4481	4386
4574	4481
4580	4574
4684	4580
4454	4684
4609	4454
4570	4609
4455	4570
4465	4455
4524	4465
4573	4524
4522	4573
4466	4522
4461	4466
4350	4461
4322	4350
4176	4322
4453	4176
4458	4453
4380	4458
4378	4380
4367	4378
4438	4367
4110	4438
4349	4110
4352	4349
4370	4352
4243	4370
4326	4243
4354	4326
4399	4354
4335	4399
4369	4335
4333	4369
4327	4333
4320	4327
4311	4320
4293	4311
4288	4293
4284	4288
4281	4284
4258	4281
4245	4258
4280	4245
4319	4280
4312	4319
4310	4312
4444	4310
4309	4444
4306	4309
4255	4306
4334	4255
4528	4334
4625	4528
4513	4625
4488	4513
4413	4488
4430	4413
4412	4430
4336	4412
4302	4336
4301	4302
4297	4301
4282	4297
4330	4282
4417	4330
4305	4417
4328	4305
4315	4328
4409	4315
4362	4409
4339	4362
4337	4339
4294	4337
4277	4294
4581	4277
4384	4581
4271	4384
4223	4271
4304	4223
4290	4304
4269	4290
4207	4269
4227	4207
4321	4227
4318	4321
4265	4318
4263	4265
4276	4263
4331	4276
4295	4331
4256	4295
4205	4256
4074	4205
4259	4074
4232	4259
4262	4232
4146	4262
4257	4146
4246	4257
4084	4246
4242	4084
4428	4242
4057	4428
4052	4057
4048	4052
4163	4048
4140	4163
4058	4140
4217	4058
4325	4217
4551	4325
4421	4551
4400	4421
4398	4400
4366	4398
4364	4366
4357	4364
4308	4357
4251	4308
4300	4251
4292	4300
4272	4292
4275	4272
4274	4275
4299	4274
4503	4299
4476	4503
4419	4476
4373	4419
4291	4373
4329	4291
4267	4329
4313	4267
4158	4313
4273	4158
4260	4273
4231	4260
4314	4231
4159	4314
4214	4159
4215	4214
4155	4215
4210	4155
4356	4210
4233	4356
4317	4233
4365	4317
4283	4365
4393	4283
4439	4393
4442	4439
4114	4442
4266	4114
4222	4266
4101	4222
4093	4101
4183	4093
4253	4183
4138	4253
4079	4138
4094	4079
4145	4094
4136	4145
4059	4136
4028	4059
4234	4028
4261	4234
4268	4261
4186	4268
4244	4186
4200	4244
4160	4200
4278	4160
4344	4278
4298	4344
4248	4298
4224	4248
4236	4224
4181	4236
4218	4181
4216	4218
4287	4216
4201	4287
4151	4201
4174	4151
4111	4174
4061	4111
4088	4061
4198	4088
4196	4198
4264	4196
4247	4264
4211	4247
4197	4211
4189	4197
4190	4189
4209	4190
4254	4209
4316	4254
4228	4316
4226	4228
4168	4226
4187	4168
4175	4187
4148	4175
4150	4148
4141	4150
4051	4141
4040	4051
4029	4040
4133	4029
4213	4133
4193	4213
4152	4193
4144	4152
4237	4144
4250	4237
4182	4250
4153	4182
4131	4153
3972	4131
4032	3972
4065	4032
4090	4065
4042	4090
4039	4042
4038	4039
4156	4038
4060	4156
4009	4060
3979	4009
4188	3979
3981	4188
4194	3981
4192	4194
4170	4192
4108	4170
4341	4108
4346	4341
4332	4346
4324	4332
4270	4324
4249	4270
4225	4249
4289	4225
4286	4289
4185	4286
4285	4185
4169	4285
4166	4169
4238	4166
4206	4238
4195	4206
4184	4195
4031	4184
4202	4031
4027	4202
4212	4027
3942	4212
3917	3942
4130	3917
4010	4130
4034	4010
4086	4034
4055	4086
4046	4055
4045	4046
4078	4045
4161	4078
4035	4161
4116	4035
4353	4116
4100	4353
4142	4100
4125	4142
4468	4125
4117	4468
4121	4117
4387	4121
4679	4387
4702	4679
3847	4702
4588	3847
3906	4588
3842	3906
3937	3842
4173	3937
4129	4173
4154	4129
4075	4154
4076	4075
4097	4076
3970	4097
4143	3970
4119	4143
4098	4119
4030	4098
4191	4030
4104	4191
4135	4104
4008	4135
3672	4008
3978	3672
4171	3978
4137	4171
4132	4137
4134	4132
4177	4134
4180	4177
4157	4180
4221	4157
4240	4221
4208	4240
4162	4208
4147	4162
4103	4147
4056	4103
4054	4056
4044	4054
3775	4044
4050	3775
4005	4050
3980	4005
4013	3980
3982	4013
4004	3982
4069	4004
4033	4069
3988	4033
4006	3988
3996	4006
4036	3996
4102	4036
4016	4102
4049	4016
4047	4049
3944	4047
4096	3944
4012	4096
4106	4012
4068	4106
4092	4068
4107	4092
4241	4107
4172	4241
4164	4172
4127	4164
4123	4127
4099	4123
4071	4099
4063	4071
4064	4063
3986	4064
3852	3986
3864	3852
3840	3864
3764	3840
3967	3764
3770	3967
3958	3770
3966	3958
3965	3966
3955	3965
3952	3955
3954	3952
3946	3954
3971	3946
3918	3971
3914	3918
3868	3914
3910	3868
3789	3910
3962	3789
3991	3962
4002	3991
3994	4002
4077	3994
4053	4077
4043	4053
3993	4043
3977	3993
3933	3977
4019	3933
4165	4019
4020	4165
4001	4020
3983	4001
4085	3983
4073	4085
3943	4073
3896	3943
4066	3896
3889	4066
3884	3889
3846	3884
3968	3846
3874	3968
3956	3874
3863	3956
3769	3863
3821	3769
3824	3821
4124	3824
4072	4124
3938	4072
3975	3938
3650	3975
3827	3650
3907	3827
3870	3907
3859	3870
3845	3859
4082	3845
3911	4082
3912	3911
3908	3912
3898	3908
3875	3898
3949	3875
4014	3949
3876	4014
3843	3876
3909	3843
3987	3909
3921	3987
3904	3921
3883	3904
3903	3883
3902	3903
3897	3902
3890	3897
3930	3890
3753	3930
3748	3753
3680	3748
3675	3680
3644	3675
3939	3644
3992	3939
4037	3992
4239	4037
4139	4239
4017	4139
3995	4017
3984	3995
3772	3984
4115	3772
4105	4115
4000	4105
3807	4000
3762	3807
4122	3762
4109	4122
4083	4109
3935	4083
3900	3935
3899	3900
3873	3899
3990	3873
4089	3990
4087	4089
4026	4087
4021	4026
4022	4021
3924	4022
3945	3924
4011	3945
4023	4011
3959	4023
3985	3959
3683	3985
3869	3683
3951	3869
3905	3951
3998	3905
4041	3998
3997	4041
3989	3997
3923	3989
3666	3923
3913	3666
4007	3913
3953	4007
3931	3953
3774	3931
3685	3774
3737	3685
3862	3737
3934	3862
3861	3934
3853	3861
3948	3853
3941	3948
3836	3941
3833	3836
3823	3833
3786	3823
3969	3786
4081	3969
3841	4081
4095	3841
3891	4095
3850	3891
3879	3850
4025	3879
4091	4025
3893	4091
3872	3893
3916	3872
3964	3916
3885	3964
3835	3885
3798	3835
3782	3798
3871	3782
3866	3871
3880	3866
3826	3880
3854	3826
3765	3854
3882	3765
3849	3882
3787	3849
3751	3787
3781	3751
3920	3781
4118	3920
3888	4118
3961	3888
3749	3961
3829	3749
3746	3829
3681	3746
3678	3681
3831	3678
3950	3831
3957	3950
3928	3957
3777	3928
3618	3777
3600	3618
3642	3600
3570	3642
3763	3570
3947	3763
3878	3947
3817	3878
3844	3817
3828	3844
3848	3828
3858	3848
3857	3858
3856	3857
3851	3856
3834	3851
3562	3834
3539	3562
3736	3539
3695	3736
3819	3695
3773	3819
3867	3773
3726	3867
3785	3726
3940	3785
3768	3940
3932	3768
3780	3932
3752	3780
3895	3752
3679	3895
3936	3679
3925	3936
3999	3925
3755	3999
3671	3755
3676	3671
3664	3676
3663	3664
3686	3663
3901	3686
3767	3901
3756	3767
3741	3756
3673	3741
3757	3673
3754	3757
3708	3754
3963	3708
3927	3963
3830	3927
3719	3830
3738	3719
3795	3738
3725	3795
3731	3725
3724	3731
3816	3724
3804	3816
3788	3804
3877	3788
3760	3877
3730	3760
3734	3730
3742	3734
3860	3742
3809	3860
3766	3809
3653	3766
3656	3653
3684	3656
3658	3684
3655	3658
3637	3655
3633	3637
3563	3633
3550	3563
3625	3550
3591	3625
3662	3591
3624	3662
3690	3624
3599	3690
3581	3599
3617	3581
3660	3617
3652	3660
3743	3652
3674	3743
3621	3674
3610	3621
3630	3610
3670	3630
3776	3670
3648	3776
3647	3648
3629	3647
3620	3629
3569	3620
3575	3569
3669	3575
3691	3669
3922	3691
3960	3922
3733	3960
3929	3733
3926	3929
3761	3926
3687	3761
3631	3687
3659	3631
3651	3659
3661	3651
3915	3661
3636	3915
3667	3636
3626	3667
3616	3626
3641	3616
3635	3641
3689	3635
3605	3689
3682	3605
3530	3682
3548	3530
3657	3548
3654	3657
3549	3654
3558	3549
3559	3558
3568	3559
3561	3568
3560	3561
3391	3560
3356	3391
3744	3356
4003	3744
3887	4003
3892	3887
3855	3892
3803	3855
3714	3803
3720	3714
3735	3720
3546	3735
3613	3546
3486	3613
3713	3486
3601	3713
3588	3601
3491	3588
3489	3491
3677	3489
3881	3677
3820	3881
3750	3820
3700	3750
3745	3700
3578	3745
3593	3578
3790	3593
3665	3790
3643	3665
3784	3643
3814	3784
3812	3814
3886	3812
3837	3886
3822	3837
3813	3822
3811	3813
3810	3811
3800	3810
3747	3800
3894	3747
3759	3894
3602	3759
3640	3602
3646	3640
3705	3646
3919	3705
3791	3919
3645	3791
3628	3645
3976	3628
3627	3976
3594	3627
3571	3594
3574	3571
3565	3574
3552	3565
3417	3552
3338	3417
3302	3338
3439	3302
3542	3439
3639	3542
3638	3639
3632	3638
3771	3632
3778	3771
3792	3778
3802	3792
3805	3802
3796	3805
3779	3796
3706	3779
3729	3706
3801	3729
3839	3801
3808	3839
3797	3808
3794	3797
3717	3794
3783	3717
3595	3783
3496	3595
3806	3496
4567	3806
3522	4567
3711	3522
3722	3711
3739	3722
3573	3739
3622	3573
3614	3622
3590	3614
3584	3590
3516	3584
3579	3516
3718	3579
3704	3718
3723	3704
3707	3723
3577	3707
3523	3577
3526	3523
3411	3526
3375	3411
3567	3375
3418	3567
3615	3418
3649	3615
3623	3649
3607	3623
3596	3607
3587	3596
3425	3587
3740	3425
3604	3740
3598	3604
3582	3598
3400	3582
3580	3400
3430	3580
3497	3430
3367	3497
3271	3367
3381	3271
3603	3381
3424	3603
3366	3424
3379	3366
3399	3379
3396	3399
3365	3396
3364	3365
3325	3364
3363	3325
3358	3363
3357	3358
3340	3357
3333	3340
3332	3333
3208	3332
3327	3208
3481	3327
3865	3481
3710	3865
3815	3710
3838	3815
3832	3838
3818	3832
3799	3818
3825	3799
3793	3825
3696	3793
3547	3696
3728	3547
3716	3728
3702	3716
3699	3702
3701	3699
3543	3701
3538	3543
3531	3538
3525	3531
3514	3525
3337	3514
3407	3337
3389	3407
3320	3389
3319	3320
3583	3319
3611	3583
3609	3611
3585	3609
3606	3585
3612	3606
3597	3612
3564	3597
3557	3564
3555	3557
3668	3555
3576	3668
3586	3576
3619	3586
3478	3619
3459	3478
3465	3459
3404	3465
3524	3404
3476	3524
3394	3476
3392	3394
3344	3392
3393	3344
3462	3393
3422	3462
3384	3422
3634	3384
3589	3634
3402	3589
3373	3402
3324	3373
3572	3324
3537	3572
3528	3537
3444	3528
3506	3444
3727	3506
3709	3727
3084	3709
3335	3084
3406	3335
3473	3406
3484	3473
3520	3484
3521	3520
3527	3521
3541	3527
3533	3541
3540	3533
3698	3540
3697	3698
3692	3697
3518	3692
3315	3518
3494	3315
3529	3494
3732	3529
3712	3732
3721	3712
3688	3721
3535	3688
3534	3535
3471	3534
3544	3471
3485	3544
3510	3485
3504	3510
3512	3504
3508	3512
3501	3508
3502	3501
3499	3502
3498	3499
3493	3498
3475	3493
3480	3475
3472	3480
3469	3472
3464	3469
3461	3464
3457	3461
3490	3457
3566	3490
3454	3566
3500	3454
3517	3500
3519	3517
3483	3519
3470	3483
3460	3470
3468	3460
3377	3468
3352	3377
3441	3352
3369	3441
3474	3369
3408	3474
3290	3408
3703	3290
3487	3703
3437	3487
3440	3437
3536	3440
3694	3536
3693	3694
3715	3693
3482	3715
3545	3482
3426	3545
3507	3426
3503	3507
3477	3503
3466	3477
3432	3466
3429	3432
2982	3429
3415	2982
3421	3415
3758	3421
3554	3758
3551	3554
3553	3551
3413	3553
3495	3413
3230	3495
3259	3230
3310	3259
3378	3310
3249	3378
3280	3249
3326	3280
3317	3326
3255	3317
3343	3255
3395	3343
3419	3395
3505	3419
3372	3505
3405	3372
3416	3405
3387	3416
3608	3387
3509	3608
3354	3509
3309	3354
3313	3309
3311	3313
3305	3311
3268	3305
3212	3268
3295	3212
3353	3295
3260	3353
3380	3260
3300	3380
3359	3300
3376	3359
3515	3376
3339	3515
3336	3339
3273	3336
3270	3273
3209	3270
3272	3209
3266	3272
3398	3266
3282	3398
3401	3282
3220	3401
3151	3220
3301	3151
3298	3301
3409	3298
3285	3409
3386	3285
3532	3386
3479	3532
3423	3479
3371	3423
3414	3371
3412	3414
3420	3412
3410	3420
3334	3410
3100	3334
3308	3100
3283	3308
3235	3283
2950	3235
2996	2950
3304	2996
3488	3304
3385	3488
3383	3385
3349	3383
3368	3349
3323	3368
3341	3323
3362	3341
3347	3362
3397	3347
3346	3397
3306	3346
3286	3306
3355	3286
3299	3355
3293	3299
3281	3293
3265	3281
3403	3265
3329	3403
3322	3329
3292	3322
3289	3292
3267	3289
3222	3267
3269	3222
3105	3269
3264	3105
3245	3264
3242	3245
3240	3242
3225	3240
3221	3225
3119	3221
3168	3119
3157	3168
3254	3157
3201	3254
3276	3201
3348	3276
3275	3348
3233	3275
3215	3233
3213	3215
3207	3213
3123	3207
3331	3123
3360	3331
3274	3360
3374	3274
3556	3374
3361	3556
3342	3361
3351	3342
3217	3351
3321	3217
3251	3321
3166	3251
3177	3166
3350	3177
3316	3350
3345	3316
3257	3345
3592	3257
3382	3592
3256	3382
3330	3256
3318	3330
3253	3318
3252	3253
3239	3252
3236	3239
3370	3236
3312	3370
3278	3312
3216	3278
3188	3216
3186	3188
3169	3186
3243	3169
3228	3243
3247	3228
3218	3247
3172	3218
3231	3172
3223	3231
3214	3223
3199	3214
3194	3199
3190	3194
3261	3190
3258	3261
3288	3258
3277	3288
3262	3277
3303	3262
3294	3303
3204	3294
3193	3204
3146	3193
3144	3146
3189	3144
3154	3189
3140	3154
3198	3140
3153	3198
3183	3153
3184	3183
3250	3184
3210	3250
3158	3210
3180	3158
3182	3180
3179	3182
3192	3179
3176	3192
2934	3176
3163	2934
3120	3163
3211	3120
3121	3211
3110	3121
3181	3110
3200	3181
3171	3200
3241	3171
3155	3241
3152	3155
3137	3152
3165	3137
3126	3165
3134	3126
3133	3134
3139	3133
3160	3139
3328	3160
3246	3328
3174	3246
3187	3174
3297	3187
3296	3297
2897	3296
3085	2897
3284	3085
3226	3284
3205	3226
3219	3205
3390	3219
3513	3390
3511	3513
3445	3511
3091	3445
3263	3091
3388	3263
3229	3388
3149	3229
3066	3149
3291	3066
3086	3291
3095	3086
3248	3095
3175	3248
3185	3175
3238	3185
3234	3238
3195	3234
3161	3195
3117	3161
3068	3117
3034	3068
3141	3034
3227	3141
3191	3227
3103	3191
3096	3103
3094	3096
2811	3094
3064	2811
3063	3064
3162	3063
3159	3162
3164	3159
3150	3164
3108	3150
3092	3108
3016	3092
2932	3016
2833	2932
2725	2833
2783	2725
2629	2783
2854	2629
2848	2854
3307	2848
3287	3307
2992	3287
3072	2992
3074	3072
3071	3074
3039	3071
3054	3039
3070	3054
2991	3070
2957	2991
2990	2957
2997	2990
3065	2997
3492	3065
3467	3492
3451	3467
3450	3451
3443	3450
3442	3443
3449	3442
3456	3449
3452	3456
3458	3452
3453	3458
3448	3453
3455	3448
3447	3455
3438	3447
3436	3438
3433	3436
3431	3433
3428	3431
3080	3428
3011	3080
3078	3011
3087	3078
3037	3087
2987	3037
2976	2987
2981	2976
3446	2981
3314	3446
3203	3314
3206	3203
3202	3206
3196	3202
3145	3196
3073	3145
3044	3073
3435	3044
3427	3435
3075	3427
3079	3075
3279	3079
3124	3279
3244	3124
3237	3244
3129	3237
3118	3129
3224	3118
3173	3224
3156	3173
3106	3156
3114	3106
3028	3114
3116	3028
3025	3116
3113	3025
3056	3113
3115	3056
3127	3115
3067	3127
2948	3067
2940	2948
3027	2940
3125	3027
3122	3125
3132	3122
3197	3132
3135	3197
3104	3135
3029	3104
3026	3029
3019	3026
2972	3019
2746	2972
2807	2746
3030	2807
3055	3030
2978	3055
2841	2978
2751	2841
2823	2751
2754	2823
2736	2754
2618	2736
2745	2618
2927	2745
3004	2927
2943	3004
3000	2943
2928	3000
3060	2928
3059	3060
3112	3059
3007	3112
2998	3007
2988	2998
3170	2988
3136	3170
3131	3136
3101	3131
2980	3101
2851	2980
3024	2851
3020	3024
3167	3020
3107	3167
3050	3107
3051	3050
2977	3051
2847	2977
2820	2847
2842	2820
2817	2842
2723	2817
2727	2723
2724	2727
2722	2724
2678	2722
2707	2678
2739	2707
2882	2739
3052	2882
3049	3052
3057	3049
3109	3057
3081	3109
3023	3081
3032	3023
2688	3032
2756	2688
3048	2756
3062	3048
3053	3062
3130	3053
3006	3130
2966	3006
3128	2966
3143	3128
3033	3143
3015	3033
3097	3015
3017	3097
3083	3017
3102	3083
3076	3102
3061	3076
3043	3061
2962	3043
3148	2962
3232	3148
3090	3232
3463	3090
3089	3463
3088	3089
3046	3088
3047	3046
3069	3047
3040	3069
2973	3040
2970	2973
2953	2970
3045	2953
3098	3045
3093	3098
2849	3093
3111	2849
3022	3111
3031	3022
2986	3031
2969	2986
3009	2969
2971	3009
2937	2971
2968	2937
2947	2968
2946	2947
2925	2946
3434	2925
3077	3434
2979	3077
3001	2979
2923	3001
2916	2923
2985	2916
2956	2985
2899	2956
2895	2899
2881	2895
2944	2881
2879	2944
2920	2879
2913	2920
2908	2913
2797	2908
2799	2797
3035	2799
3002	3035
2935	3002
2961	2935
2936	2961
2933	2936
2984	2933
3021	2984
3178	3021
3142	3178
3042	3142
3003	3042
2942	3003
2955	2942
2901	2955
2877	2901
2964	2877
2939	2964
2931	2939
2909	2931
2887	2909
2993	2887
3147	2993
3012	3147
3138	3012
3099	3138
2995	3099
3058	2995
3036	3058
3010	3036
2989	3010
2983	2989
2959	2983
2886	2959
2857	2886
2793	2857
2744	2793
2735	2744
2684	2735
2798	2684
3013	2798
2815	3013
2748	2815
2830	2748
2813	2830
2742	2813
2734	2742
2752	2734
2733	2752
2730	2733
2718	2730
2846	2718
2640	2846
2726	2640
2710	2726
3005	2710
2960	3005
2930	2960
2926	2930
2915	2926
2863	2915
2775	2863
2967	2775
2975	2967
2912	2975
2903	2912
3008	2903
2938	3008
2872	2938
2859	2872
2850	2859
2828	2850
2822	2828
2906	2822
2825	2906
2790	2825
3082	2790
3041	3082
2974	3041
3038	2974
2922	3038
2999	2922
2924	2999
2949	2924
2892	2949
2728	2892
2921	2728
2808	2921
2951	2808
3018	2951
2826	3018
2753	2826
3014	2753
2917	3014
2904	2917
2952	2904
2836	2952
2827	2836
2821	2827
2883	2821
2958	2883
2855	2958
2750	2855
2687	2750
2749	2687
2635	2749
2638	2635
2743	2638
2709	2743
2651	2709
2884	2651
2720	2884
2755	2720
2818	2755
2838	2818
2844	2838
2852	2844
2738	2852
2837	2738
2835	2837
2812	2835
2737	2812
2806	2737
2719	2806
2717	2719
2832	2717
2845	2832
2731	2845
2647	2731
2658	2647
2732	2658
2781	2732
2627	2781
2700	2627
2698	2700
2714	2698
2721	2714
2741	2721
2839	2741
2740	2839
2692	2740
2673	2692
2626	2673
2641	2626
2704	2641
2715	2704
2729	2715
2702	2729
2703	2702
2699	2703
2697	2699
2588	2697
2593	2588
2712	2593
2711	2712
2708	2711
2778	2708
2696	2778
2661	2696
2637	2661
2763	2637
2911	2763
2891	2911
2878	2891
2918	2878
2894	2918
2770	2894
2910	2770
2900	2910
2965	2900
2994	2965
2929	2994
2874	2929
2885	2874
2861	2885
2802	2861
2689	2802
2941	2689
2963	2941
2919	2963
2902	2919
2873	2902
2782	2873
2356	2782
2669	2356
2526	2669
2800	2526
2867	2800
2870	2867
2905	2870
2866	2905
2779	2866
2685	2779
2893	2685
2898	2893
2889	2898
2888	2889
2868	2888
2869	2868
2871	2869
2907	2871
2796	2907
2761	2796
2914	2761
2801	2914
2768	2801
2706	2768
2862	2706
2758	2862
2677	2758
2713	2677
2668	2713
2676	2668
2660	2676
2880	2660
2896	2880
2876	2896
2875	2876
2865	2875
2864	2865
2769	2864
2860	2769
2787	2860
2765	2787
2760	2765
2075	2760
2589	2075
2609	2589
2634	2609
2612	2634
2600	2612
2585	2600
2521	2585
2646	2521
2642	2646
2814	2642
2644	2814
2705	2644
2587	2705
2649	2587
2645	2649
2810	2645
2805	2810
2630	2805
2603	2630
2541	2603
2573	2541
2624	2573
2483	2624
2497	2483
2549	2497
2432	2549
2592	2432
2608	2592
2794	2608
2679	2794
2766	2679
2757	2766
2524	2757
2517	2524
2954	2517
2680	2954
2604	2680
2599	2604
2539	2599
2686	2539
2681	2686
2803	2681
2789	2803
2784	2789
2777	2784
2674	2777
2667	2674
2664	2667
2659	2664
2617	2659
2622	2617
2816	2622
2792	2816
2567	2792
2856	2567
2824	2856
2819	2824
2945	2819
2853	2945
2829	2853
2804	2829
2795	2804
2774	2795
2890	2774
2791	2890
2767	2791
2772	2767
2701	2772
2662	2701
2605	2662
2525	2605
2522	2525
2531	2522
2716	2531
2653	2716
2650	2653
2636	2650
2616	2636
2632	2616
2785	2632
2764	2785
2762	2764
2683	2762
2562	2683
2633	2562
2552	2633
2479	2552
2546	2479
2511	2546
2527	2511
2569	2527
2582	2569
2606	2582
2615	2606
2580	2615
2520	2580
2501	2520
2453	2501
2472	2453
2459	2472
2456	2459
2429	2456
2670	2429
2613	2670
2780	2613
2776	2780
2682	2776
2786	2682
2773	2786
2690	2773
2561	2690
2652	2561
2563	2652
2598	2563
2554	2598
2584	2554
2655	2584
2643	2655
2623	2643
2620	2623
2601	2620
2586	2601
2544	2586
2558	2544
2484	2558
2460	2484
2438	2460
2454	2438
2405	2454
2397	2405
2414	2397
2488	2414
2532	2488
2324	2532
2281	2324
2292	2281
2446	2292
2506	2446
2496	2506
2481	2496
2467	2481
2508	2467
2495	2508
2443	2495
2306	2443
2448	2306
2466	2448
2449	2466
2401	2449
2286	2401
2423	2286
2487	2423
2572	2487
2551	2572
2504	2551
2500	2504
2283	2500
2477	2283
2406	2477
2464	2406
2262	2464
2230	2262
2275	2230
2287	2275
2312	2287
2759	2312
2547	2759
2540	2547
2675	2540
2355	2675
2471	2355
2610	2471
2346	2610
2545	2346
2602	2545
2548	2602
2747	2548
2691	2747
2560	2691
2543	2560
2665	2543
2416	2665
2591	2416
2631	2591
2694	2631
2628	2694
2693	2628
2537	2693
2519	2537
2482	2519
2377	2482
2465	2377
2534	2465
2407	2534
2611	2407
2533	2611
2409	2533
2296	2409
2513	2296
2550	2513
2597	2550
2457	2597
2447	2457
2444	2447
2425	2444
2834	2425
2840	2834
2858	2840
2843	2858
2831	2843
2809	2831
2574	2809
2571	2574
2570	2571
2566	2570
2529	2566
2422	2529
2415	2422
2575	2415
2596	2575
2528	2596
2476	2528
2421	2476
2577	2421
2583	2577
2396	2583
2413	2396
2639	2413
2590	2639
2564	2590
2535	2564
2498	2535
2565	2498
2578	2565
2568	2578
2512	2568
2469	2512
2494	2469
2461	2494
2559	2461
2250	2559
2280	2250
2246	2280
2201	2246
2192	2201
2186	2192
2179	2186
2249	2179
2052	2249
2671	2052
2663	2671
2556	2663
2515	2556
2507	2515
2538	2507
2510	2538
2316	2510
2503	2316
2505	2503
2347	2505
2360	2347
2450	2360
2514	2450
2530	2514
2579	2530
2555	2579
2516	2555
2509	2516
2441	2509
2523	2441
2437	2523
2426	2437
2412	2426
2418	2412
2241	2418
2234	2241
2625	2234
2621	2625
2607	2621
2410	2607
2390	2410
2339	2390
2458	2339
2493	2458
2553	2493
2581	2553
2427	2581
2502	2427
2695	2502
2666	2695
2654	2666
2648	2654
2619	2648
2614	2619
2486	2614
2542	2486
2499	2542
2557	2499
2492	2557
2489	2492
2436	2489
2452	2436
2455	2452
2442	2455
2445	2442
2434	2445
2435	2434
2431	2435
2440	2431
2468	2440
2384	2468
2439	2384
2485	2439
2480	2485
2470	2480
2576	2470
2474	2576
2424	2474
2408	2424
2393	2408
2170	2393
2430	2170
2362	2430
1954	2362
2174	1954
2177	2174
2127	2177
1964	2127
2200	1964
2404	2200
2403	2404
2402	2403
2389	2402
2221	2389
2227	2221
2266	2227
2254	2266
2433	2254
2383	2433
2282	2383
2273	2282
2269	2273
2259	2269
2368	2259
2252	2368
2205	2252
2188	2205
2225	2188
2245	2225
2189	2245
2168	2189
2195	2168
2193	2195
2173	2193
2209	2173
2344	2209
2375	2344
2363	2375
2462	2363
2372	2462
2381	2372
2329	2381
2369	2329
2374	2369
2788	2374
2771	2788
2656	2771
2348	2656
2672	2348
2367	2672
2361	2367
2357	2361
2343	2357
2333	2343
2321	2333
2327	2321
2473	2327
2365	2473
2358	2365
2491	2358
2595	2491
2594	2595
2359	2594
2349	2359
2354	2349
2352	2354
2475	2352
2518	2475
2490	2518
2417	2490
2299	2417
2294	2299
2387	2294
2328	2387
2350	2328
2345	2350
2340	2345
2317	2340
2373	2317
2411	2373
2297	2411
2335	2297
2323	2335
2351	2323
2226	2351
2298	2226
2161	2298
2400	2161
2399	2400
2395	2399
2385	2395
2334	2385
2284	2334
2295	2284
2271	2295
2291	2271
2218	2291
2463	2218
2288	2463
2257	2288
2256	2257
2235	2256
2247	2235
2222	2247
2167	2222
2166	2167
2386	2166
2232	2386
2191	2232
2157	2191
2258	2157
2366	2258
2657	2366
2175	2657
2248	2175
2100	2248
2190	2100
2341	2190
2332	2341
2147	2332
2099	2147
2342	2099
2307	2342
2314	2307
2311	2314
2337	2311
2313	2337
2309	2313
2310	2309
2301	2310
2308	2301
2353	2308
2536	2353
2371	2536
2326	2371
2320	2326
2302	2320
2319	2302
2325	2319
2220	2325
2277	2220
2217	2277
2285	2217
2152	2285
2215	2152
2202	2215
2336	2202
2478	2336
2428	2478
1965	2428
2213	1965
2239	2213
2451	2239
2392	2451
2398	2392
2255	2398
2237	2255
2194	2237
2212	2194
2419	2212
2391	2419
2394	2391
2388	2394
2382	2388
2380	2382
2293	2380
2276	2293
2272	2276
2268	2272
2267	2268
2204	2267
2240	2204
2233	2240
2224	2233
2208	2224
2129	2208
2107	2129
2125	2107
1958	2125
2110	1958
2141	2110
2253	2141
2228	2253
2007	2228
1957	2007
1848	1957
2136	1848
2124	2136
2133	2124
2322	2133
2196	2322
2207	2196
2210	2207
2160	2210
2158	2160
2131	2158
1969	2131
2231	1969
2378	2231
2376	2378
2364	2376
2278	2364
2260	2278
2420	2260
2290	2420
2251	2290
2243	2251
2214	2243
2229	2214
2236	2229
2163	2236
2159	2163
2156	2159
1962	2156
1944	1962
1968	1944
1956	1968
2223	1956
2113	2223
2187	2113
2242	2187
2265	2242
2178	2265
2199	2178
2031	2199
2154	2031
2140	2154
2112	2140
2120	2112
2118	2120
1959	2118
1952	1959
1950	1952
1942	1950
1939	1942
1970	1939
2203	1970
2184	2203
2370	2184
2331	2370
2315	2331
2169	2315
2095	2169
2087	2095
2081	2087
2094	2081
2071	2094
2085	2071
2074	2085
2105	2074
2300	2105
2304	2300
2303	2304
2103	2303
2080	2103
2079	2080
2305	2079
2088	2305
2082	2088
2077	2082
2104	2077
2165	2104
2216	2165
2183	2216
2135	2183
2102	2135
1966	2102
1937	1966
2130	1937
2020	2130
2279	2020
2171	2279
2108	2171
2064	2108
2063	2064
2090	2063
2096	2090
2050	2096
2150	2050
2318	2150
2197	2318
2379	2197
2044	2379
2053	2044
2330	2053
2076	2330
2073	2076
1990	2073
2056	1990
1974	2056
2091	1974
2097	2091
2066	2097
2089	2066
2067	2089
2048	2067
2047	2048
2043	2047
2041	2043
2032	2041
2058	2032
2015	2058
2021	2015
2070	2021
2142	2070
1940	2142
1910	1940
1880	1910
1860	1880
1888	1860
1961	1888
1839	1961
1820	1839
2078	1820
1971	2078
2219	1971
2263	2219
1916	2263
2264	1916
2270	2264
2261	2270
2109	2261
1963	2109
1835	1963
1932	1835
1911	1932
1780	1911
1770	1780
1764	1770
1854	1764
1851	1854
1934	1851
2028	1934
1951	2028
1867	1951
1887	1867
1879	1887
1898	1879
2016	1898
1901	2016
2042	1901
2057	2042
2049	2057
2040	2049
2101	2040
2086	2101
2072	2086
2068	2072
2061	2068
2065	2061
2035	2065
2069	2035
2033	2069
2059	2033
1745	2059
2039	1745
2038	2039
2034	2038
2055	2034
2046	2055
2037	2046
2029	2037
2024	2029
2036	2024
1993	2036
1991	1993
1995	1991
1997	1995
1994	1997
1984	1994
1978	1984
1842	1978
1972	1842
1850	1972
1982	1850
2022	1982
2149	2022
2114	2149
2045	2114
2054	2045
2030	2054
2019	2030
2018	2019
2014	2018
2010	2014
2017	2010
2338	2017
2153	2338
2185	2153
2106	2185
2013	2106
1996	2013
1897	1996
2083	1897
2060	2083
2025	2060
2134	2025
2004	2134
2093	2004
2155	2093
2051	2155
2027	2051
1861	2027
2098	1861
2126	2098
2006	2126
1986	2006
2122	1986
2181	2122
2137	2181
2145	2137
2244	2145
2289	2244
2274	2289
2238	2274
2180	2238
2146	2180
2143	2146
2138	2143
2132	2138
2092	2132
2115	2092
2128	2115
1926	2128
1840	1926
1756	1840
1923	1756
1683	1923
1680	1683
1681	1680
2116	1681
2111	2116
2172	2111
2211	2172
2206	2211
2182	2206
2148	2182
2144	2148
2176	2144
2162	2176
1933	2162
1948	1933
1960	1948
2164	1960
1908	2164
2123	1908
2117	2123
1955	2117
1949	1955
1973	1949
1922	1973
1930	1922
1906	1930
1935	1906
1913	1935
1946	1913
2119	1946
1912	2119
2139	1912
2084	2139
2121	2084
2005	2121
1927	2005
1975	1927
1902	1975
2151	1902
1980	2151
1953	1980
1943	1953
1938	1943
1893	1938
1925	1893
1656	1925
1688	1656
1904	1688
1889	1904
1907	1889
1900	1907
1883	1900
1838	1883
1857	1838
1903	1857
1909	1903
1782	1909
1998	1782
1918	1998
1872	1918
1919	1872
1876	1919
1846	1876
1827	1846
2009	1827
1977	2009
1929	1977
1868	1929
1819	1868
1748	1819
1814	1748
2002	1814
1992	2002
2001	1992
1987	2001
1845	1987
1822	1845
1945	1822
1781	1945
1917	1781
1856	1917
1763	1856
1695	1763
1678	1695
1665	1678
1890	1665
1931	1890
1769	1931
1761	1769
1788	1761
1789	1788
1858	1789
2008	1858
2003	2008
1985	2003
1983	1985
1831	1983
1809	1831
1828	1809
1803	1828
2012	1803
1999	2012
2011	1999
2000	2011
2062	2000
1832	2062
1830	1832
1802	1830
1818	1802
1810	1818
1821	1810
1799	1821
1605	1799
1834	1605
1981	1834
1807	1981
1618	1807
1621	1618
1632	1621
1747	1632
1794	1747
1817	1794
1825	1817
1826	1825
1798	1826
1717	1798
1736	1717
1806	1736
1804	1806
1777	1804
1865	1777
1988	1865
1967	1988
1870	1967
1849	1870
1895	1849
1829	1895
1874	1829
1920	1874
1914	1920
1915	1914
1881	1915
1896	1881
1862	1896
1833	1862
1808	1833
1707	1808
1694	1707
1787	1694
1598	1787
1725	1598
1786	1725
1766	1786
1882	1766
2198	1882
1891	2198
1875	1891
1785	1875
1921	1785
1660	1921
1646	1660
1778	1646
1760	1778
2023	1760
1928	2023
1859	1928
1696	1859
1672	1696
1664	1672
1658	1664
1779	1658
1776	1779
1899	1776
1936	1899
1941	1936
1768	1941
1663	1768
1704	1663
1924	1704
1836	1924
1499	1836
1462	1499
1511	1462
1714	1511
1884	1714
2026	1884
1771	2026
1767	1771
1762	1767
1722	1762
1720	1722
1673	1720
1676	1673
1677	1676
1670	1677
1671	1670
1759	1671
1682	1759
1669	1682
1651	1669
1655	1651
1765	1655
1852	1765
1947	1852
1894	1947
1772	1894
1869	1772
1877	1869
1866	1877
1979	1866
1989	1979
1805	1989
1724	1805
1721	1724
1796	1721
1730	1796
1624	1730
1976	1624
1853	1976
1864	1853
1847	1864
1841	1847
1775	1841
1824	1775
1793	1824
1774	1793
1711	1774
1742	1711
1751	1742
1784	1751
1728	1784
1739	1728
1699	1739
1442	1699
1538	1442
1855	1538
1878	1855
1873	1878
1892	1873
1783	1892
1692	1783
1750	1692
1668	1750
1844	1668
1812	1844
1639	1812
1679	1639
1580	1679
1458	1580
1648	1458
1515	1648
1773	1515
1758	1773
1602	1758
1741	1602
1701	1741
1697	1701
1634	1697
1630	1634
1625	1630
1430	1625
1472	1430
1497	1472
1461	1497
1441	1461
1453	1441
1702	1453
1752	1702
1885	1752
1727	1885
1823	1727
1797	1823
1744	1797
1726	1744
1568	1726
1718	1568
1666	1718
1684	1666
1650	1684
1643	1650
1642	1643
1512	1642
1324	1512
1509	1324
1554	1509
1690	1554
1698	1690
1583	1698
1330	1583
1561	1330
1837	1561
1753	1837
1700	1753
1611	1700
1603	1611
1543	1603
1596	1543
1686	1596
1517	1686
1641	1517
1843	1641
1640	1843
1505	1640
1863	1505
1687	1863
1567	1687
1484	1567
1463	1484
1514	1463
1486	1514
1510	1486
1504	1510
1508	1504
1657	1508
1473	1657
1353	1473
1503	1353
1455	1503
1344	1455
1318	1344
1332	1318
1311	1332
1240	1311
1241	1240
1354	1241
1644	1354
1691	1644
1905	1691
1886	1905
1654	1886
1703	1654
1713	1703
1816	1713
1729	1816
1627	1729
1709	1627
1716	1709
1631	1716
1626	1631
1612	1626
1619	1612
1636	1619
1710	1636
1620	1710
1617	1620
1645	1617
1608	1645
1513	1608
1553	1513
1492	1553
1490	1492
1500	1490
1557	1500
1501	1557
1498	1501
1599	1498
1635	1599
1737	1635
1597	1737
1610	1597
1743	1610
1731	1743
1466	1731
1419	1466
1391	1419
1606	1391
1581	1606
1559	1581
1574	1559
1531	1574
1556	1531
1545	1556
1516	1545
1551	1516
1560	1551
1573	1560
1548	1573
1570	1548
1693	1570
1689	1693
1647	1689
1607	1647
1675	1607
1674	1675
1485	1674
1460	1485
1432	1460
1652	1432
1230	1652
1481	1230
1522	1481
1550	1522
1590	1550
1582	1590
1579	1582
1733	1579
1800	1733
1708	1800
1811	1708
1871	1811
1801	1871
1562	1801
1791	1562
1749	1791
1723	1749
1629	1723
1732	1629
1792	1732
1738	1792
1815	1738
1813	1815
1623	1813
1613	1623
1712	1613
1740	1712
1734	1740
1576	1734
1790	1576
1577	1790
1746	1577
1633	1746
1609	1633
1588	1609
1542	1588
1521	1542
1536	1521
1615	1536
1591	1615
1572	1591
1529	1572
1524	1529
1585	1524
1622	1585
1589	1622
1487	1589
1592	1487
1719	1592
1566	1719
1564	1566
1584	1564
1549	1584
1535	1549
1526	1535
1409	1526
1413	1409
1406	1413
1405	1406
1400	1405
1398	1400
1306	1398
1299	1306
1478	1299
1476	1478
1482	1476
1190	1482
1754	1190
1534	1754
1346	1534
1502	1346
1489	1502
1435	1489
1480	1435
1649	1480
1452	1649
1448	1452
1447	1448
1385	1447
1587	1385
1429	1587
1454	1429
1491	1454
1322	1491
1336	1322
1433	1336
1495	1433
1494	1495
1595	1494
1530	1595
1468	1530
1106	1468
1470	1106
1469	1470
1465	1469
1444	1465
1439	1444
1438	1439
1446	1438
1437	1446
1431	1437
1355	1431
1358	1355
1474	1358
1387	1474
1356	1387
1359	1356
1586	1359
1628	1586
1483	1628
1449	1483
1333	1449
1338	1333
1569	1338
1662	1569
1667	1662
1600	1667
1659	1600
1428	1659
1329	1428
1315	1329
1245	1315
1547	1245
1381	1547
1571	1381
1541	1571
1601	1541
1317	1601
1219	1317
1234	1219
1506	1234
1638	1506
1451	1638
1345	1451
1464	1345
1445	1464
1436	1445
1335	1436
1325	1335
1456	1325
1457	1456
1475	1457
1313	1475
1544	1313
1558	1544
1552	1558
1533	1552
1412	1533
1520	1412
1537	1520
1523	1537
1575	1523
1735	1575
1594	1735
1593	1594
1614	1593
1563	1614
1578	1563
1546	1578
1519	1546
1302	1519
1616	1302
1327	1616
1285	1327
1282	1285
1440	1282
1305	1440
1291	1305
1209	1291
1206	1209
1168	1206
1158	1168
1246	1158
1294	1246
1295	1294
1217	1295
1331	1217
1488	1331
1248	1488
1188	1248
1207	1188
1316	1207
1337	1316
1343	1337
1341	1343
1323	1341
1244	1323
1238	1244
1297	1238
1314	1297
1373	1314
1268	1373
1262	1268
1256	1262
1377	1256
1275	1377
1425	1275
1427	1425
1424	1427
1418	1424
1416	1418
1422	1416
1525	1422
1426	1525
1423	1426
1420	1423
1417	1420
1411	1417
1410	1411
1415	1410
1414	1415
1383	1414
1386	1383
1395	1386
1407	1395
1403	1407
1528	1403
1404	1528
1402	1404
1388	1402
1518	1388
1408	1518
1397	1408
1389	1397
1378	1389
1393	1378
1390	1393
1382	1390
1379	1382
1375	1379
1374	1375
1372	1374
1371	1372
1392	1371
1363	1392
1369	1363
1370	1369
1367	1370
1365	1367
1364	1365
1380	1364
1269	1380
1252	1269
1493	1252
1366	1493
1310	1366
1296	1310
1254	1296
1222	1254
1178	1222
1172	1178
1293	1172
1279	1293
1303	1279
1401	1303
1706	1401
1604	1706
1396	1604
1281	1396
1247	1281
1156	1247
1290	1156
1289	1290
1300	1289
1283	1300
1276	1283
1286	1276
1277	1286
1272	1277
1255	1272
1177	1255
1278	1177
1267	1278
1266	1267
1274	1266
1479	1274
1795	1479
1757	1795
1755	1757
1705	1755
1685	1705
1653	1685
1637	1653
1661	1637
1539	1661
1450	1539
1443	1450
1284	1443
1201	1284
1334	1201
1307	1334
1124	1307
1352	1124
1351	1352
1339	1351
1119	1339
1216	1119
1196	1216
1225	1196
1308	1225
1227	1308
1131	1227
1211	1131
1507	1211
1199	1507
1527	1199
1565	1527
1555	1565
1532	1555
1394	1532
1376	1394
1340	1376
1349	1340
1540	1349
1496	1540
1260	1496
1347	1260
1342	1347
1232	1342
1321	1232
1434	1321
1215	1434
1184	1215
1213	1184
1198	1213
1140	1198
1212	1140
1163	1212
1182	1163
1186	1182
1141	1186
1265	1141
1214	1265
1187	1214
1288	1187
1193	1288
1113	1193
1150	1113
1105	1150
1459	1105
1320	1459
1264	1320
1239	1264
1226	1239
1221	1226
1233	1221
1220	1233
1132	1220
1094	1132
1091	1094
1328	1091
1477	1328
1309	1477
1319	1309
1130	1319
1081	1130
1235	1081
1467	1235
1137	1467
1258	1137
1116	1258
1136	1116
1224	1136
1069	1224
1218	1069
1086	1218
1139	1086
1361	1139
1471	1361
1228	1471
1326	1228
1348	1326
1350	1348
1312	1350
1080	1312
1096	1080
1087	1096
1077	1087
1076	1077
1090	1076
1089	1090
1042	1089
1040	1042
1036	1040
1033	1036
1016	1033
1078	1016
1304	1078
1270	1304
1189	1270
1292	1189
1183	1292
1174	1183
1165	1174
1175	1165
1263	1175
1298	1263
1368	1298
1715	1368
1208	1715
1301	1208
1192	1301
1259	1192
1155	1259
1126	1155
1037	1126
965	1037
1004	965
1001	1004
947	1001
959	947
945	959
868	945
879	868
1032	879
1164	1032
1056	1164
1144	1056
1203	1144
1181	1203
1202	1181
1170	1202
1159	1170
1229	1159
1250	1229
1162	1250
953	1162
1070	953
978	1070
1050	978
1122	1050
1195	1122
1173	1195
1161	1173
1151	1161
1043	1151
1166	1043
1029	1166
1152	1029
1261	1152
1271	1261
1031	1271
1024	1031
1058	1024
1030	1058
1034	1030
1191	1034
1205	1191
1421	1205
1384	1421
1362	1384
1360	1362
1357	1360
1243	1357
1148	1243
1047	1148
1231	1047
1249	1231
1223	1249
1204	1223
997	1204
1046	997
940	1046
996	940
1242	996
1210	1242
1128	1210
1103	1128
1051	1103
1107	1051
918	1107
943	918
1061	943
1062	1061
1100	1062
1065	1100
1111	1065
1123	1111
1101	1123
721	1101
1134	721
1129	1134
1135	1129
1008	1135
1167	1008
1067	1167
1118	1067
1117	1118
1109	1117
1147	1109
1145	1147
1125	1145
1121	1125
1000	1121
1149	1000
1143	1149
1092	1143
1127	1092
1095	1127
935	1095
933	935
1142	933
1133	1142
1185	1133
1176	1185
1237	1176
1169	1237
1026	1169
1236	1026
1138	1236
737	1138
1110	737
1079	1110
1108	1079
1035	1108
962	1035
1038	962
862	1038
861	862
870	861
1027	870
988	1027
970	988
1157	970
993	1157
982	993
1025	982
1048	1025
1011	1048
1257	1011
1399	1257
1287	1399
1253	1287
1251	1253
1153	1251
1012	1153
1154	1012
1179	1154
1002	1179
987	1002
974	987
969	974
1045	969
1006	1045
1019	1006
1010	1019
960	1010
937	960
928	937
838	928
1044	838
1160	1044
1280	1160
1273	1280
1028	1273
1021	1028
889	1021
954	889
878	954
858	878
854	858
815	854
820	815
835	820
749	835
703	749
629	703
741	629
1060	741
1064	1060
1088	1064
752	1088
747	752
713	747
941	713
1114	941
1085	1114
1112	1085
1083	1112
1102	1083
1068	1102
977	1068
922	977
972	922
957	972
1017	957
1053	1017
1074	1053
905	1074
921	905
913	921
912	913
1073	912
1054	1073
1098	1054
1093	1098
1059	1093
1146	1059
1082	1146
1084	1082
785	1084
973	785
1071	973
1115	1071
1023	1115
639	1023
1104	639
1120	1104
1066	1120
975	1066
1009	975
1180	1009
956	1180
1075	956
985	1075
1072	985
979	1072
951	979
925	951
909	925
842	909
906	842
904	906
919	904
898	919
983	898
751	983
743	751
893	743
1052	893
1049	1052
701	1049
754	701
931	754
744	931
725	744
1041	725
761	1041
952	761
735	952
732	735
710	732
724	710
727	724
729	727
891	729
733	891
910	733
1055	910
1003	1055
995	1003
955	995
887	955
917	887
914	917
990	914
1007	990
963	1007
1171	963
1197	1171
949	1197
1097	949
967	1097
1194	967
1022	1194
1014	1022
991	1014
976	991
968	976
908	968
883	908
942	883
934	942
899	934
831	899
843	831
848	843
939	848
932	939
930	932
822	930
855	822
817	855
836	817
966	836
981	966
1200	981
1020	1200
1013	1020
1018	1013
989	1018
1099	989
655	1099
936	655
994	936
964	994
876	964
944	876
927	944
896	927
877	896
869	877
1039	869
1005	1039
980	1005
903	980
950	903
958	950
948	958
911	948
926	911
827	926
871	827
971	871
897	971
746	897
812	746
808	812
765	808
684	765
702	684
738	702
742	738
825	742
818	825
884	818
984	884
999	984
998	999
946	998
961	946
885	961
881	885
915	881
916	915
895	916
900	895
920	900
894	920
890	894
864	890
863	864
850	863
907	850
866	907
902	866
801	902
753	801
661	753
613	661
657	613
880	657
888	880
637	888
681	637
739	681
769	739
750	769
763	750
859	763
755	859
722	755
745	722
731	745
728	731
685	728
676	685
759	676
810	759
686	810
669	686
736	669
716	736
697	716
709	697
714	709
689	714
672	689
659	672
677	659
730	677
712	730
726	712
692	726
698	692
682	698
673	682
1057	673
1015	1057
787	1015
656	787
1063	656
699	1063
664	699
734	664
717	734
603	717
609	603
600	609
616	600
601	616
523	601
527	523
599	527
504	599
526	504
516	526
498	516
500	498
598	500
494	598
492	494
519	492
636	519
620	636
867	620
852	867
860	852
654	860
772	654
679	772
696	679
649	696
633	649
475	633
715	475
674	715
711	674
607	711
545	607
844	545
811	844
719	811
552	719
833	552
791	833
840	791
784	840
775	784
804	775
802	804
792	802
841	792
824	841
806	824
828	806
823	828
819	823
757	819
892	757
929	892
924	929
875	924
809	875
938	809
986	938
886	986
853	886
874	853
826	874
821	826
847	821
779	847
857	779
873	857
794	873
777	794
687	777
548	687
783	548
790	783
799	790
789	799
778	789
786	778
782	786
767	782
797	767
776	797
856	776
813	856
795	813
780	795
690	780
566	690
567	566
675	567
651	675
992	651
793	992
628	793
604	628
621	604
623	621
642	623
901	642
923	901
851	923
829	851
800	829
766	800
770	766
612	770
635	612
640	635
638	640
652	638
678	652
643	678
489	643
467	489
574	467
583	574
610	583
578	610
556	578
558	556
585	558
595	585
602	595
563	602
644	563
756	644
849	756
845	849
617	845
614	617
718	614
641	718
632	641
748	632
707	748
720	707
627	720
508	627
615	508
465	615
622	465
454	622
376	454
394	376
625	394
530	625
463	530
518	463
497	518
658	497
631	658
624	631
573	624
493	573
562	493
539	562
537	539
533	537
239	533
814	239
773	814
781	773
832	781
568	832
807	568
846	807
837	846
816	837
788	816
570	788
830	570
882	830
872	882
834	872
798	834
805	798
666	805
429	666
667	429
554	667
576	554
700	576
723	700
670	723
590	670
587	590
446	587
434	446
418	434
412	418
550	412
572	550
594	572
608	594
647	608
586	647
668	586
582	668
693	582
708	693
688	708
663	688
650	663
705	650
653	705
865	653
740	865
660	740
695	660
634	695
580	634
665	580
691	665
683	691
630	683
694	630
520	694
680	520
662	680
704	662
606	704
605	606
611	605
592	611
645	592
591	645
589	591
406	589
839	406
803	839
796	803
538	796
553	538
540	553
439	540
407	439
470	407
449	470
536	449
479	536
447	479
430	447
768	430
561	768
559	561
531	559
468	531
774	468
535	774
233	535
764	233
565	764
671	565
332	671
469	332
423	469
543	423
462	543
328	462
435	328
648	435
571	648
569	571
472	569
456	472
224	456
219	224
466	219
441	466
464	441
379	464
384	379
522	384
388	522
485	388
581	485
577	581
488	577
459	488
486	459
361	486
355	361
450	355
546	450
445	546
187	445
205	187
191	205
455	191
771	455
473	771
433	473
235	433
226	235
238	226
216	238
207	216
212	207
218	212
352	218
401	352
397	401
386	397
443	386
442	443
405	442
619	405
646	619
579	646
618	579
706	618
626	706
544	626
596	544
453	596
451	453
431	451
309	431
322	309
312	322
513	312
521	513
421	521
758	421
534	758
416	534
460	416
399	460
507	399
452	507
555	452
597	555
524	597
509	524
584	509
515	584
420	515
490	420
514	490
503	514
505	503
517	505
593	517
575	593
547	575
499	547
395	499
427	395
377	427
363	377
356	363
502	356
528	502
532	528
525	532
141	525
496	141
481	496
483	481
474	483
409	474
760	409
588	760
303	588
306	303
323	306
374	323
417	374
378	417
338	378
380	338
393	380
392	393
343	392
107	343
254	107
359	254
375	359
364	375
353	364
68	353
183	68
17	183
61	68
293	61
403	293
314	403
296	314
381	296
389	381
410	389
506	410
419	506
358	419
396	358
415	396
398	415
331	398
414	331
339	414
385	339
511	385
438	511
413	438
391	413
390	391
357	390
348	357
327	348
383	327
299	383
294	299
372	294
491	372
487	491
457	487
411	457
400	411
365	400
324	365
317	324
289	317
404	289
291	404
284	291
250	284
275	250
270	275
90	270
329	90
349	329
326	349
159	326
22	326
181	22
151	181
117	181
101	117
63	101
116	63
252	116
249	252
155	249
350	155
371	350
370	371
369	370
367	369
362	367
360	362
334	360
320	334
337	320
311	337
304	311
301	304
316	301
426	316
512	426
402	512
345	402
272	345
422	272
408	422
436	408
222	436
425	222
202	425
242	202
215	242
232	215
104	232
262	104
243	262
281	243
282	281
276	282
274	276
201	274
461	201
153	461
199	153
213	199
482	213
428	482
557	428
541	557
458	541
444	458
440	444
424	440
231	424
560	231
471	560
762	471
564	762
478	564
476	478
437	476
234	437
186	234
180	186
200	180
229	200
223	200
432	223
221	432
214	221
194	214
203	194
190	203
188	190
206	188
196	206
182	196
175	182
168	175
319	168
477	319
542	477
529	542
480	529
484	480
280	484
288	280
373	288
269	373
261	269
29	261
195	29
158	195
114	195
77	114
108	77
76	108
64	76
346	64
342	346
330	342
501	330
510	501
368	510
285	368
273	285
18	273
110	18
113	110
325	113
382	325
366	382
341	366
335	341
302	335
277	302
318	277
351	318
244	351
85	244
264	85
82	264
260	82
305	260
263	305
133	263
96	133
112	96
91	112
88	91
92	88
138	92
279	138
248	279
42	248
84	42
23	84
102	23
34	102
33	34
25	33
11	25
3	11
69	42
70	69
38	70
79	38
45	79
257	45
290	257
266	290
333	266
246	333
95	246
230	95
210	230
179	210
237	179
240	237
148	240
189	148
551	189
549	551
220	549
137	220
315	137
307	315
347	307
268	347
344	268
495	344
340	495
313	340
295	313
271	295
283	271
387	283
105	387
354	105
336	354
297	336
106	297
321	106
80	321
94	80
81	94
67	81
9	67
55	9
286	55
227	286
103	227
89	103
247	89
211	247
147	211
126	147
131	126
121	131
157	121
66	157
142	121
97	142
58	97
298	58
308	298
255	308
225	255
167	225
209	167
73	209
65	73
253	65
241	253
164	241
228	164
217	228
144	217
125	144
136	228
130	136
160	130
178	160
177	160
122	177
36	122
35	36
20	35
127	136
162	127
448	162
163	448
123	163
140	123
161	140
156	161
152	162
145	152
124	145
40	124
198	40
118	198
100	118
32	100
169	32
78	169
75	78
267	75
310	267
265	310
258	265
208	258
197	258
245	197
176	245
193	176
184	193
166	184
171	166
185	171
143	185
172	143
132	172
134	185
173	134
150	173
135	150
165	135
149	165
129	149
128	165
109	265
71	109
21	71
48	21
5	48
4	32
12	100
10	136
146	10
256	146
251	256
192	251
287	192
292	287
236	292
98	236
99	98
74	99
259	74
111	259
93	111
83	93
86	83
0	86
6	0
49	6
72	49
87	72
56	87
2	49
62	111
28	62
27	74
30	292
37	30
52	37
1	37
41	1
26	41
8	26
31	8
14	31
46	298
300	46
24	300
7	24
15	46
53	97
16	142
154	16
115	154
43	115
13	43
51	103
50	51
57	179
120	57
174	120
119	174
59	119
54	59
39	69
44	39
60	318
47	60
278	444
139	199
204	139
170	204
19	63
