Cell	Parent
5085	-1
4982	5085
4897	4982
4806	4897
4888	4806
5105	4888
5072	5105
5111	5072
5100	5111
5103	5100
4971	5103
5077	4971
5098	5077
5123	5098
5118	5123
5112	5118
5101	5112
5083	5101
5075	5083
5036	5075
5073	5036
5074	5073
5113	5074
5124	5113
5087	5124
5057	5087
5028	5057
4975	5028
4987	4975
5071	4987
5052	5071
5050	5052
4989	5050
5119	4989
5115	5119
5108	5115
5094	5108
5069	5094
5086	5069
5084	5086
4965	5084
5060	4965
5081	5060
5066	5081
5022	5066
5063	5022
5121	5063
5125	5121
5116	5125
5107	5116
5106	5107
5114	5106
5127	5114
5117	5127
5046	5117
5091	5046
5082	5091
5051	5082
5092	5051
5093	5092
5090	5093
5089	5090
5088	5089
5054	5088
5058	5054
5122	5058
5110	5122
5056	5110
5126	5056
5097	5126
4898	5097
4821	4898
4949	4821
5068	4949
5010	5068
5030	5010
4901	5030
5042	4901
5037	5042
5055	5037
5049	5055
5048	5049
5045	5048
5035	5045
4841	5035
5034	4841
5031	5034
5026	5031
4857	5026
5047	4857
5038	5047
5017	5038
4980	5017
5099	4980
5064	5099
5006	5064
5120	5006
4904	5120
5040	4904
5029	5040
5104	5029
5078	5104
5062	5078
5015	5062
4960	5015
4948	4960
5067	4948
5109	5067
4936	5109
4973	4936
5007	4973
4796	5007
4750	4796
4970	4750
4964	4970
4775	4964
5076	4775
4859	5076
4848	4859
4835	4848
4847	4835
4862	4847
4843	4862
4831	4843
4828	4831
4822	4828
5013	4822
5059	5013
5043	5059
5023	5043
5020	5023
5016	5020
4962	5016
5095	4962
4954	5095
4953	4954
4952	4953
4938	4952
4926	4938
4939	4926
5080	4939
5096	5080
4998	5096
4910	4998
4932	4910
4969	4932
4963	4969
4959	4963
4945	4959
4928	4945
4874	4928
4911	4874
4924	4911
5002	4924
4923	5002
4999	4923
5032	4999
5024	5032
4894	5024
5005	4894
4967	5005
4770	4967
4915	4770
5065	4915
5044	5065
4972	5044
4977	4972
4937	4977
4933	4937
4931	4933
4983	4931
4988	4983
4981	4988
4966	4981
4997	4966
4957	4997
4916	4957
4877	4916
4876	4877
4873	4876
4958	4873
4985	4958
5039	4985
5004	5039
5102	5004
4993	5102
4895	4993
4836	4895
4768	4836
4656	4768
4978	4656
4968	4978
4946	4968
4986	4946
4908	4986
4665	4908
4909	4665
4899	4909
4813	4899
4725	4813
4774	4725
4902	4774
4882	4902
4890	4882
4992	4890
5001	4992
4979	5001
4944	4979
4984	4944
4918	4984
4951	4918
4883	4951
4941	4883
4907	4941
4900	4907
4934	4900
4995	4934
4994	4995
4976	4994
4922	4976
4881	4922
4991	4881
4906	4991
4886	4906
4878	4886
4956	4878
4754	4956
4641	4754
4651	4641
4648	4651
4627	4648
4579	4627
4804	4579
4824	4804
4819	4824
4830	4819
4795	4830
4794	4795
4854	4794
4889	4854
4776	4889
4777	4776
4642	4777
4654	4642
4659	4654
4753	4659
4896	4753
4884	4896
4879	4884
4761	4879
4765	4761
4705	4765
4652	4705
4561	4652
4497	4561
4747	4497
4619	4747
4764	4619
4920	4764
4872	4920
4773	4872
4855	4773
4880	4855
4733	4880
4696	4733
4869	4696
4838	4869
5009	4838
4767	5009
4743	4767
4759	4743
4727	4759
4669	4727
4742	4669
4740	4742
4728	4740
4810	4728
4856	4810
4842	4856
4891	4842
4818	4891
4875	4818
4815	4875
4864	4815
4793	4864
4647	4793
4837	4647
4690	4837
4756	4690
4783	4756
4751	4783
5070	4751
5025	5070
4850	5025
5021	4850
5027	5021
5019	5027
5041	5019
5018	5041
5014	5018
5011	5014
5008	5011
4961	5008
4955	4961
4940	4955
4996	4940
4947	4996
5061	4947
4860	5061
4846	4860
4845	4846
4844	4845
4827	4844
4812	4827
4808	4812
4814	4808
4719	4814
4703	4719
4717	4703
4726	4717
4714	4726
4675	4714
4711	4675
4709	4711
4710	4709
4739	4710
4800	4739
4786	4800
4704	4786
4677	4704
4702	4677
4707	4702
4781	4707
4779	4781
4671	4779
4678	4671
4853	4678
4852	4853
4935	4852
4840	4935
5012	4840
4823	5012
4868	4823
4865	4868
4858	4865
4861	4858
4851	4861
4803	4851
4816	4803
4825	4816
4811	4825
4797	4811
4849	4797
4769	4849
4729	4769
4713	4729
4805	4713
4820	4805
4802	4820
4792	4802
4787	4792
4790	4787
4758	4790
4749	4758
4715	4749
4738	4715
4706	4738
4613	4706
4609	4613
4570	4609
4455	4570
4465	4455
4832	4465
4839	4832
4732	4839
4684	4732
4580	4684
4574	4580
4573	4574
4524	4573
4723	4524
4635	4723
4737	4635
4650	4737
4912	4650
4870	4912
4645	4870
4531	4645
4721	4531
4905	4721
4925	4905
4640	4925
4892	4640
4919	4892
4657	4919
4833	4657
4829	4833
4903	4829
5033	4903
4755	5033
4736	4755
4662	4736
4546	4662
4929	4546
4914	4929
4871	4914
4809	4871
4634	4809
4548	4634
4666	4548
4507	4666
4930	4507
4943	4930
4927	4943
4974	4927
4921	4974
4601	4921
4681	4601
4691	4681
4689	4691
4757	4689
4658	4757
4653	4658
4752	4653
4661	4752
4695	4661
4748	4695
4646	4748
5079	4646
5003	5079
5053	5003
5000	5053
4950	5000
4942	4950
4887	4942
4893	4887
4674	4893
4698	4674
4688	4698
4620	4688
4778	4620
4718	4778
4699	4718
4686	4699
4685	4686
4618	4685
4673	4618
4741	4673
4693	4741
4700	4693
4576	4700
4571	4576
4680	4571
4670	4680
4611	4670
4682	4611
4582	4682
4606	4582
4596	4606
4607	4596
4598	4607
4683	4598
4676	4683
4633	4676
4626	4633
4782	4626
4720	4782
4867	4720
4866	4867
4913	4866
4917	4913
4826	4917
4801	4826
4834	4801
4731	4834
4663	4731
4780	4663
4672	4780
4511	4672
4510	4511
4434	4510
4722	4434
4807	4722
4817	4807
4789	4817
4763	4789
4716	4763
4791	4716
4788	4791
4594	4788
4746	4594
4692	4746
4701	4692
4667	4701
4708	4667
4615	4708
4599	4615
4612	4599
4512	4612
4382	4512
4604	4382
4600	4604
4694	4600
4587	4694
4472	4587
4457	4472
4643	4457
4616	4643
4638	4616
4614	4638
4557	4614
4697	4557
4617	4697
4605	4617
4668	4605
4629	4668
4655	4629
4563	4655
4597	4563
4554	4597
4494	4554
4555	4494
4345	4555
4435	4345
4426	4435
4583	4426
4558	4583
4589	4558
4514	4589
4525	4514
4508	4525
4414	4508
4496	4414
4523	4496
4543	4523
4479	4543
4498	4479
4490	4498
4493	4490
4577	4493
4628	4577
4564	4628
4530	4564
4504	4530
4492	4504
4474	4492
4447	4474
4392	4447
4592	4392
4578	4592
4536	4578
4520	4536
4608	4520
4495	4608
4506	4495
4500	4506
4484	4500
4518	4484
4440	4518
4550	4440
4602	4550
4562	4602
4553	4562
4436	4553
4538	4436
4471	4538
4396	4471
4556	4396
4724	4556
4990	4724
4863	4990
4785	4863
4772	4785
4784	4772
4734	4784
4885	4734
4799	4885
4760	4799
4623	4760
4637	4623
4560	4637
4559	4560
4505	4559
4441	4505
4416	4441
4423	4416
4330	4423
4529	4330
4360	4529
4730	4360
4712	4730
4499	4712
4433	4499
4565	4433
4664	4565
4744	4664
4687	4744
4450	4687
4622	4450
4526	4622
4409	4526
4362	4409
4339	4362
4631	4339
4502	4631
4517	4502
4630	4517
4632	4630
4549	4632
4636	4549
4542	4636
4540	4542
4377	4540
4590	4377
4545	4590
4527	4545
4390	4527
4462	4390
4404	4462
4521	4404
4463	4521
4470	4463
4516	4470
4469	4516
4451	4469
4446	4451
4348	4446
4203	4348
4388	4203
4351	4388
4376	4351
4487	4376
4394	4487
4397	4394
4358	4397
4331	4358
4323	4331
4486	4323
4491	4486
4413	4491
4488	4413
4625	4488
4566	4625
4745	4566
4544	4745
4547	4544
4431	4547
4534	4431
4798	4534
4771	4798
4762	4771
4735	4762
4660	4735
4649	4660
4766	4649
4603	4766
4481	4603
4522	4481
4593	4522
4610	4593
4539	4610
4537	4539
4532	4537
4519	4532
4410	4519
4541	4410
4427	4541
4644	4427
4473	4644
4341	4473
4346	4341
4332	4346
4324	4332
4270	4324
4420	4270
4621	4420
4552	4621
4639	4552
4513	4639
4528	4513
4551	4528
4421	4551
4535	4421
4501	4535
4480	4501
4477	4480
4432	4477
4429	4432
4425	4429
4437	4425
4399	4437
4354	4399
4347	4354
4575	4347
4515	4575
4483	4515
4313	4483
4291	4313
4503	4291
4476	4503
4419	4476
4373	4419
4299	4373
4334	4299
4422	4334
4403	4422
4478	4403
4385	4478
4275	4385
4400	4275
4408	4400
4572	4408
4401	4572
4452	4401
4442	4452
4439	4442
4393	4439
4395	4393
4365	4395
4595	4365
4624	4595
4444	4624
4310	4444
4312	4310
4319	4312
4415	4319
4402	4415
4509	4402
4374	4509
4342	4374
4343	4342
4418	4343
4293	4418
4311	4293
4405	4311
4411	4405
4489	4411
4485	4489
4333	4485
4369	4333
4338	4369
4371	4338
4375	4371
4445	4375
4372	4445
4449	4372
4230	4449
4363	4230
4167	4363
4204	4167
4080	4204
4381	4080
4591	4381
4569	4591
4467	4569
4568	4467
4460	4568
4443	4460
4361	4443
4124	4361
4072	4124
4349	4072
4380	4349
4458	4380
4454	4458
4453	4454
4367	4453
4438	4367
4110	4438
4378	4110
4352	4378
4370	4352
4243	4370
4326	4243
4286	4326
4344	4286
4298	4344
4248	4298
4424	4248
4407	4424
4391	4407
4386	4391
4335	4386
4320	4335
4327	4320
4287	4327
4350	4287
4461	4350
4585	4461
4533	4585
4586	4533
4456	4586
4584	4456
4464	4584
4406	4464
4459	4406
4121	4459
4387	4121
4679	4387
4567	4679
3806	4567
3522	3806
4100	3522
4389	4100
4379	4389
4266	4379
4222	4266
4101	4222
4093	4101
4295	4093
4276	4295
4263	4276
4265	4263
4321	4265
4482	4321
4475	4482
4368	4475
4296	4368
4279	4296
4307	4279
4428	4307
4242	4428
4122	4242
4259	4122
4232	4259
4262	4232
4227	4262
4318	4227
4257	4318
4246	4257
4146	4246
4207	4146
4430	4207
4412	4430
4336	4412
4302	4336
4301	4302
4297	4301
4282	4297
4328	4282
4315	4328
4325	4315
4314	4325
4231	4314
4260	4231
4274	4260
4272	4274
4398	4272
4366	4398
4364	4366
4357	4364
4308	4357
4251	4308
4300	4251
4292	4300
4340	4292
4329	4340
4267	4329
4158	4267
4273	4158
4294	4273
4337	4294
4277	4337
4581	4277
4384	4581
4271	4384
4223	4271
4304	4223
4290	4304
4269	4290
4145	4269
4136	4145
4094	4136
4253	4094
4183	4253
4138	4183
4079	4138
4037	4079
4239	4037
4139	4239
4017	4139
4059	4017
4058	4059
4217	4058
4038	4217
4156	4038
4268	4156
4261	4268
4234	4261
4219	4234
4244	4219
4200	4244
4160	4200
4278	4160
4236	4278
4224	4236
4213	4224
4280	4213
4245	4280
4258	4245
4281	4258
4284	4281
4288	4284
4254	4288
4448	4254
4383	4448
4303	4383
4356	4303
4233	4356
4317	4233
4196	4317
4264	4196
4247	4264
4211	4247
4197	4211
4189	4197
4190	4189
4209	4190
4150	4209
4148	4150
4175	4148
4187	4175
4198	4187
4098	4198
4168	4098
4316	4168
4235	4316
4226	4235
4228	4226
4097	4228
4076	4097
4120	4076
4359	4120
4075	4359
4154	4075
4355	4154
4220	4355
4252	4220
4199	4252
4229	4199
4178	4229
4149	4178
4113	4149
4062	4113
4067	4062
4188	4067
3981	4188
4194	3981
4192	4194
4170	4192
4108	4170
4249	4108
4225	4249
4289	4225
4285	4289
4185	4285
4195	4185
4206	4195
4238	4206
4166	4238
4184	4166
4031	4184
4202	4031
4027	4202
4212	4027
3942	4212
3917	3942
4215	3917
4305	4215
4417	4305
4214	4417
4210	4214
4161	4210
4078	4161
4045	4078
4256	4045
4205	4256
4074	4205
4089	4074
4142	4089
4125	4142
4468	4125
4117	4468
3948	4117
3941	3948
4070	3941
4128	4070
4112	4128
4024	4112
4179	4024
3937	4179
4173	3937
4129	4173
4106	4129
4068	4106
4092	4068
4126	4092
4241	4126
4172	4241
4240	4172
4221	4240
4208	4221
4162	4208
4147	4162
4180	4147
4177	4180
4157	4177
4134	4157
4132	4134
4186	4132
4171	4186
4181	4171
4218	4181
4216	4218
4182	4216
4250	4182
4306	4250
4309	4306
4255	4309
4237	4255
4144	4237
4193	4144
4152	4193
4137	4152
4133	4137
4065	4133
4090	4065
4042	4090
4039	4042
4013	4039
3982	4013
4143	3982
4119	4143
4069	4119
4159	4069
4086	4159
4055	4086
4046	4055
4155	4046
4130	4155
4010	4130
4034	4010
4140	4034
4163	4140
4048	4163
4052	4048
4057	4052
4007	4057
3953	4007
3966	3953
3965	3966
3958	3965
3931	3958
3913	3931
4084	3913
4041	4084
3998	4041
3997	3998
4109	3997
4083	4109
3935	4083
3900	3935
4015	3900
3973	4015
3954	3973
3952	3954
3955	3952
3951	3955
3905	3951
3934	3905
4116	3934
4353	4116
4095	4353
3891	4095
3850	3891
3879	3850
4025	3879
4091	4025
3893	4091
3902	3893
4111	3902
4466	4111
3987	4466
3921	3987
3904	3921
3909	3904
4322	3909
4176	4322
4174	4176
4151	4174
4201	4151
3957	4201
4131	3957
4153	4131
3972	4153
4032	3972
4005	4032
4050	4005
4029	4050
4051	4029
4141	4051
3988	4141
4040	3988
4006	4040
4004	4006
4033	4004
3985	4033
3959	3985
4023	3959
4011	4023
3945	4011
3924	3945
4035	3924
4022	4035
4021	4022
4026	4021
4087	4026
4114	4087
4081	4114
3969	4081
3990	3969
3873	3990
3899	3873
3860	3899
3809	3860
3963	3809
4115	3963
4105	4115
4000	4105
3807	4000
3995	3807
3984	3995
3772	3984
3762	3772
3989	3762
3923	3989
3666	3923
3664	3666
3683	3664
3869	3683
3774	3869
3868	3774
3946	3868
3971	3946
3918	3971
3914	3918
3689	3914
3910	3689
3970	3910
3996	3970
4036	3996
4102	4036
4088	4102
4061	4088
4049	4061
4047	4049
4016	4047
3949	4016
4014	3949
4030	4014
4191	4030
4104	4191
4135	4104
4008	4135
3672	4008
3978	3672
3775	3978
4054	3775
4056	4054
4103	4056
4169	4103
4165	4169
4020	4165
4001	4020
4019	4001
3933	4019
4002	3933
3994	4002
4077	3994
4053	4077
4043	4053
3993	4043
3977	3993
3915	3977
3661	3915
3733	3661
3960	3733
3922	3960
3691	3922
3669	3691
3755	3669
4028	3755
3999	4028
3979	3999
4060	3979
4009	4060
3976	4009
3628	3976
3791	3628
3919	3791
3705	3919
4044	3705
3646	4044
3640	3646
3950	3640
3947	3950
3983	3947
4085	3983
4073	4085
3943	4073
4096	3943
4012	4096
3844	4012
4082	3844
3944	4082
3908	3944
3912	3908
3911	3912
3898	3911
3875	3898
3854	3875
3897	3854
3890	3897
3930	3890
3753	3930
3748	3753
3680	3748
3675	3680
3644	3675
3939	3644
4283	3939
4118	4283
3920	4118
3961	3920
3888	3961
3819	3888
3781	3819
3871	3781
3883	3871
3903	3883
3880	3903
3866	3880
3865	3866
3710	3865
3872	3710
3916	3872
3964	3916
3885	3964
3835	3885
3798	3835
3782	3798
3736	3782
3695	3736
3749	3695
3876	3749
3962	3876
3991	3962
3831	3991
3793	3831
3878	3793
3817	3878
3824	3817
3886	3824
3837	3886
3907	3837
3870	3907
3859	3870
3845	3859
3828	3845
3848	3828
3858	3848
4588	3858
3906	4588
3842	3906
3820	3842
3889	3820
4066	3889
4107	4066
4127	4107
4164	4127
4123	4164
4099	4123
4071	4099
4063	4071
4064	4063
3986	4064
3852	3986
3864	3852
3840	3864
3764	3840
3967	3764
3770	3967
3892	3770
3887	3892
4003	3887
3855	4003
3803	3855
3714	3803
3720	3714
3735	3720
3546	3735
3613	3546
3486	3613
3713	3486
3601	3713
3588	3601
3929	3588
3926	3929
3761	3926
3896	3761
3881	3896
3846	3881
4018	3846
3974	4018
3956	3974
3874	3956
3968	3874
3863	3968
3769	3863
3821	3769
3884	3821
3814	3884
3812	3814
3822	3812
3938	3822
3975	3938
3650	3975
3827	3650
3813	3827
3811	3813
3810	3811
3800	3810
3747	3800
3894	3747
3763	3894
3928	3763
3777	3928
3843	3777
3765	3843
3882	3765
3849	3882
3787	3849
3751	3787
3826	3751
3825	3826
3799	3825
3838	3799
3832	3838
3818	3832
3815	3818
3727	3815
3709	3727
3084	3709
3572	3084
3829	3572
3746	3829
3681	3746
3789	3681
3668	3789
3576	3668
3586	3576
3619	3586
3481	3619
3478	3481
3773	3478
3867	3773
3726	3867
3785	3726
3940	3785
3768	3940
3992	3768
3936	3992
3980	3936
3776	3980
3925	3776
3647	3925
3670	3647
3895	3670
3752	3895
3932	3752
3780	3932
3679	3780
3649	3679
3676	3649
3671	3676
3662	3671
3624	3662
3690	3624
3862	3690
3861	3862
3853	3861
3877	3853
3788	3877
3836	3788
3833	3836
3823	3833
3786	3823
3731	3786
3725	3731
3841	3725
3795	3841
3738	3795
3719	3738
3927	3719
3830	3927
3622	3830
3614	3622
3590	3614
3584	3590
3516	3584
3722	3516
3739	3722
3573	3739
3566	3573
3490	3566
3512	3490
3508	3512
3847	3508
3783	3847
3857	3783
3856	3857
3851	3856
3834	3851
3562	3834
3539	3562
3484	3539
3745	3484
3700	3745
3750	3700
3688	3750
3721	3688
3712	3721
3732	3712
3839	3732
3808	3839
3801	3808
3797	3801
3794	3797
3717	3794
3544	3717
3485	3544
3510	3485
3521	3510
3527	3521
3729	3527
3802	3729
3805	3802
3796	3805
3779	3796
3792	3779
3784	3792
3778	3784
3771	3778
3758	3771
3643	3758
3790	3643
3665	3790
3638	3665
3639	3638
3611	3639
3659	3611
3678	3659
3612	3678
3651	3612
3634	3651
3631	3634
3687	3631
3608	3687
3593	3608
3578	3593
3534	3578
3535	3534
3677	3535
3489	3677
3491	3489
3667	3491
3636	3667
3626	3636
3616	3626
3641	3616
3737	3641
3685	3737
3635	3685
3682	3635
3605	3682
3375	3605
3567	3375
3575	3567
3630	3575
3629	3630
3620	3629
3648	3620
3604	3648
3740	3604
3582	3740
3598	3582
3618	3598
3600	3618
3642	3600
3570	3642
3759	3570
3602	3759
3525	3602
3696	3525
3547	3696
3728	3547
3716	3728
3702	3716
3699	3702
3701	3699
3543	3701
3538	3543
3531	3538
3514	3531
3337	3514
3407	3337
3389	3407
3320	3389
3319	3320
3583	3319
3585	3583
3609	3585
3632	3609
3564	3632
3606	3564
3597	3606
3557	3597
3555	3557
3509	3555
3354	3509
3422	3354
3462	3422
3393	3462
3530	3393
3548	3530
3657	3548
3654	3657
3549	3654
3599	3549
3730	3599
3760	3730
3723	3760
3707	3723
3704	3707
3816	3704
3804	3816
3595	3804
3496	3595
3504	3496
3502	3504
3520	3502
3499	3520
3498	3499
3493	3498
3501	3493
3475	3501
3480	3475
3472	3480
3469	3472
3464	3469
3461	3464
3457	3461
3458	3457
3453	3458
3454	3453
3711	3454
3718	3711
3724	3718
3519	3724
3579	3519
3517	3579
3500	3517
3483	3500
3470	3483
3460	3470
3468	3460
3377	3468
3655	3377
3754	3655
3757	3754
3708	3757
3766	3708
3653	3766
3656	3653
3756	3656
3767	3756
3901	3767
3743	3901
3686	3743
3674	3686
3663	3674
3684	3663
3673	3684
3741	3673
3660	3741
3652	3660
3592	3652
3382	3592
3658	3382
3625	3658
3637	3625
3633	3637
3563	3633
3550	3563
3556	3550
3607	3556
3623	3607
3615	3623
3587	3615
3596	3587
3425	3596
3350	3425
3374	3350
3316	3374
3345	3316
3331	3345
3610	3331
3621	3610
3330	3621
3318	3330
3253	3318
3561	3253
3617	3561
3581	3617
3591	3581
3559	3591
3568	3559
3742	3568
3734	3742
3703	3734
3487	3703
3437	3487
3440	3437
3536	3440
3694	3536
3693	3694
3715	3693
3482	3715
3545	3482
3426	3545
3507	3426
3503	3507
3477	3503
3466	3477
3432	3466
3429	3432
2982	3429
3415	2982
3421	3415
3420	3421
3412	3420
3414	3412
3371	3414
3423	3371
3532	3423
3479	3532
3386	3479
3488	3386
3385	3488
3383	3385
3372	3383
3645	3372
3627	3645
3594	3627
3571	3594
3574	3571
3565	3574
3552	3565
3417	3552
3338	3417
3302	3338
3439	3302
3542	3439
3403	3542
3419	3403
3505	3419
3362	3505
3405	3362
3416	3405
3387	3416
3397	3387
3553	3397
3551	3553
3554	3551
3513	3554
3533	3513
3541	3533
3529	3541
3494	3529
3492	3494
3467	3492
3451	3467
3450	3451
3706	3450
3698	3706
3697	3698
3692	3697
3518	3692
3315	3518
3443	3315
3442	3443
3449	3442
3456	3449
3452	3456
3455	3452
3448	3455
3447	3448
3438	3447
3436	3438
3433	3436
3431	3433
3428	3431
3080	3428
3011	3080
3078	3011
3401	3078
3471	3401
3220	3471
3151	3220
3301	3151
3298	3301
3409	3298
3285	3409
3368	3285
3349	3368
3323	3349
3341	3323
3304	3341
3299	3304
3355	3299
3347	3355
3346	3347
3306	3346
3286	3306
3293	3286
3281	3293
3265	3281
3395	3265
3348	3395
3589	3348
3402	3589
3373	3402
3324	3373
3580	3324
3430	3580
3497	3430
3367	3497
3271	3367
3400	3271
3399	3400
3396	3399
3379	3396
3366	3379
3424	3366
3603	3424
3381	3603
3365	3381
3364	3365
3325	3364
3363	3325
3358	3363
3357	3358
3340	3357
3333	3340
3332	3333
3208	3332
3327	3208
3224	3327
3173	3224
3156	3173
3119	3156
3225	3119
3245	3225
3329	3245
3322	3329
3292	3322
3289	3292
3267	3289
3343	3267
3276	3343
3275	3276
3569	3275
3418	3569
3360	3418
3274	3360
3558	3274
3526	3558
3523	3526
3577	3523
3476	3577
3524	3476
3404	3524
3465	3404
3459	3465
3335	3459
3537	3335
3528	3537
3444	3528
3506	3444
3495	3506
3413	3495
3307	3413
3390	3307
3388	3390
3263	3388
3229	3263
3219	3229
3248	3219
3175	3248
3185	3175
3238	3185
3313	3238
3384	3313
3311	3384
3309	3311
3305	3309
3268	3305
3212	3268
3295	3212
3411	3295
3260	3411
3380	3260
3300	3380
3359	3300
3376	3359
3744	3376
3515	3744
3339	3515
3336	3339
3273	3336
3391	3273
3560	3391
3370	3560
3356	3370
3474	3356
3408	3474
3369	3408
3441	3369
3352	3441
3328	3352
3246	3328
3394	3246
3392	3394
3344	3392
3206	3344
3203	3206
3398	3203
3282	3398
3290	3282
3297	3290
3296	3297
3266	3296
3272	3266
3209	3272
3270	3209
3167	3270
3312	3167
3278	3312
3236	3278
3239	3236
3252	3239
3231	3252
3256	3231
3214	3256
3223	3214
3199	3223
3194	3199
3190	3194
3261	3190
3258	3261
3288	3258
3277	3288
3262	3277
3303	3262
3294	3303
3204	3294
3193	3204
3146	3193
3144	3146
3189	3144
3154	3189
3140	3154
3198	3140
3153	3198
3183	3153
3184	3183
3250	3184
3353	3250
3226	3353
3284	3226
3130	3284
3053	3130
3085	3053
3170	3085
3187	3170
3174	3187
3136	3174
3131	3136
3160	3131
3321	3160
3251	3321
3166	3251
3177	3166
3000	3177
3279	3000
3280	3279
3326	3280
3317	3326
3255	3317
3254	3255
3201	3254
3213	3201
3233	3213
3215	3233
3207	3215
3123	3207
3113	3123
3163	3113
3157	3163
3181	3157
3378	3181
3310	3378
3406	3310
3473	3406
3463	3473
3090	3463
3446	3090
3314	3446
3112	3314
3059	3112
3196	3059
3202	3196
3145	3202
3139	3145
3247	3139
3361	3247
3342	3361
3351	3342
3217	3351
3197	3217
3243	3197
3228	3243
3257	3228
3218	3257
3172	3218
3165	3172
3137	3165
3152	3137
3241	3152
3171	3241
3200	3171
3155	3200
3127	3155
3115	3127
3067	3115
2948	3067
2940	2948
3027	2940
3133	3027
3134	3133
3132	3134
3122	3132
3126	3122
3125	3126
3104	3125
3135	3104
3169	3135
3188	3169
3216	3188
3024	3216
3186	3024
3164	3186
3182	3164
3180	3182
3179	3180
3192	3179
3176	3192
2934	3176
3120	2934
3211	3120
3121	3211
3240	3121
3242	3240
3221	3242
3111	3221
3022	3111
3168	3022
3116	3168
3110	3116
3129	3110
3237	3129
3259	3237
3244	3259
3249	3244
3178	3249
3142	3178
3042	3142
3021	3042
3060	3021
3079	3060
3075	3079
3427	3075
3435	3427
3044	3435
3073	3044
2954	3073
2967	2954
3007	2967
2998	3007
2988	2998
3008	2988
3062	3008
3048	3062
3006	3048
2966	3006
3210	2966
3158	3210
3143	3158
3128	3143
3097	3128
3017	3097
3083	3017
3234	3083
3195	3234
3161	3195
3117	3161
3105	3117
3269	3105
3222	3269
3068	3222
3034	3068
3264	3034
3103	3264
3227	3103
3308	3227
3283	3308
3235	3283
3100	3235
3410	3100
3334	3410
2991	3334
3511	2991
3540	3511
3445	3540
3091	3445
3149	3091
3066	3149
3291	3066
3086	3291
3095	3086
3205	3095
3147	3205
3012	3147
3138	3012
3099	3138
2996	3099
2999	2996
2974	2999
3041	2974
3082	3041
3038	3082
2993	3038
2958	2993
2887	2958
2909	2887
3102	2909
3076	3102
3061	3076
3043	3061
2962	3043
3148	2962
3232	3148
3230	3232
2951	3230
3018	2951
3114	3018
3106	3114
3118	3106
3009	3118
3098	3009
3093	3098
2849	3093
3031	2849
2986	3031
3045	2986
2969	3045
2834	2969
2840	2834
2858	2840
3025	2858
2835	3025
3056	2835
3026	3056
3029	3026
2817	3029
2977	2817
3051	2977
3050	3051
3107	3050
2975	3107
2912	2975
2903	2912
2938	2903
3005	2938
2960	3005
2930	2960
3003	2930
2984	3003
2942	2984
3124	2942
3004	3124
2943	3004
2928	2943
2933	2928
3002	2933
3035	3002
2902	3035
2963	2902
2941	2963
2981	2941
2976	2981
3037	2976
3087	3037
2994	3087
2965	2994
2900	2965
2910	2900
2922	2910
2898	2922
2893	2898
2880	2893
3001	2880
3065	3001
3434	3065
3077	3434
2979	3077
3074	2979
3072	3074
3070	3072
3096	3070
3191	3096
3094	3191
3141	3094
2854	3141
2848	2854
2921	2848
2808	2921
2944	2808
3287	2944
2992	3287
3054	2992
3039	3054
3071	3039
2990	3071
2997	2990
2985	2997
2956	2985
2957	2956
2899	2957
2895	2899
2916	2895
2923	2916
2896	2923
2876	2896
2918	2876
2894	2918
2878	2894
2911	2878
2987	2911
2939	2987
2964	2939
3046	2964
3089	3046
3088	3089
2946	3088
3047	2946
3069	3047
3040	3069
2973	3040
2970	2973
2953	2970
2971	2953
2937	2971
2968	2937
2947	2968
2925	2947
2920	2925
2913	2920
2908	2913
2797	2908
2799	2797
2873	2799
2919	2873
2689	2919
2931	2689
2885	2931
2874	2885
2929	2874
2935	2929
2961	2935
2936	2961
2863	2936
2915	2863
2926	2915
2784	2926
2917	2784
3014	2917
2904	3014
2952	2904
2836	2952
3033	2836
3015	3033
2821	3015
2883	2821
2855	2883
3049	2855
3057	3049
3109	3057
3081	3109
3023	3081
3052	3023
3032	3052
2688	3032
2882	2688
2756	2882
2739	2756
2712	2739
3101	2712
2980	3101
2851	2980
3020	2851
2847	3020
2820	2847
2842	2820
2727	2842
2978	2727
3055	2978
3030	3055
2841	3030
2751	2841
2823	2751
2807	2823
2754	2807
2736	2754
2972	2736
3019	2972
2846	3019
2718	2846
3159	2718
3162	3159
3150	3162
3108	3150
3092	3108
3063	3092
3064	3063
3016	3064
2932	3016
2833	2932
2725	2833
2783	2725
2629	2783
2811	2629
2716	2811
2653	2716
2650	2653
2636	2650
2616	2636
2950	2616
2924	2950
2949	2924
2892	2949
2728	2892
2646	2728
2642	2646
2814	2642
2644	2814
2705	2644
2826	2705
2753	2826
2955	2753
2901	2955
2877	2901
2884	2877
2720	2884
2755	2720
2906	2755
2825	2906
2850	2825
2897	2850
2859	2897
2872	2859
2778	2872
2828	2778
2822	2828
2790	2822
2763	2790
2800	2763
2867	2800
2870	2867
2905	2870
2866	2905
2779	2866
2685	2779
2628	2685
2694	2628
2637	2694
2708	2637
2711	2708
2839	2711
2798	2839
3013	2798
2815	3013
2748	2815
2830	2748
2813	2830
2742	2813
2734	2742
2752	2734
2746	2752
2733	2746
2730	2733
2624	2730
2627	2624
2781	2627
2732	2781
2812	2732
2738	2812
3028	2738
2856	3028
2824	2856
2819	2824
2945	2819
2853	2945
2829	2853
2804	2829
2795	2804
2774	2795
2890	2774
2879	2890
2791	2879
2907	2791
2881	2907
2871	2881
2869	2871
2868	2869
2888	2868
2889	2888
2862	2889
2770	2862
2768	2770
2891	2768
2713	2891
2706	2713
2758	2706
2677	2758
2676	2677
2668	2676
2552	2668
2764	2552
2785	2764
3058	2785
3036	3058
3010	3036
2995	3010
2989	2995
2983	2989
2959	2983
2886	2959
2857	2886
2793	2857
2744	2793
2735	2744
2684	2735
2740	2684
2741	2740
2721	2741
2715	2721
2729	2715
2702	2729
2714	2702
2704	2714
2703	2704
2699	2703
2698	2699
2700	2698
2639	2700
2590	2639
2852	2590
2844	2852
2838	2844
2837	2838
2818	2837
2816	2818
2792	2816
2567	2792
2652	2567
2563	2652
2598	2563
2709	2598
2743	2709
2638	2743
2649	2638
2645	2649
2827	2645
2810	2827
2805	2810
2630	2805
2603	2630
2719	2603
2806	2719
2927	2806
2794	2927
2745	2794
2658	2745
2737	2658
2592	2737
2717	2592
2832	2717
2845	2832
2731	2845
2710	2731
2726	2710
2640	2726
2421	2640
2697	2421
2588	2697
2593	2588
2631	2593
2591	2631
2555	2591
2686	2555
2681	2686
2803	2681
2789	2803
2777	2789
2674	2777
2667	2674
2664	2667
2659	2664
2802	2659
2861	2802
2693	2861
2537	2693
2617	2537
2622	2617
2747	2622
2691	2747
2560	2691
2651	2560
2534	2651
2465	2534
2543	2465
2665	2543
2416	2665
2579	2416
2604	2579
2680	2604
2599	2680
2539	2599
2775	2539
2594	2775
2595	2594
2491	2595
2517	2491
2766	2517
2757	2766
2679	2757
2657	2679
2773	2657
2786	2773
2690	2786
2561	2690
2575	2561
2596	2575
2528	2596
2497	2528
2549	2497
2573	2549
2541	2573
2483	2541
2476	2483
2432	2476
2408	2432
2424	2408
2474	2424
2587	2474
2568	2587
2578	2568
2565	2578
2512	2565
2498	2512
2564	2498
2535	2564
2643	2535
2750	2643
2687	2750
2749	2687
2635	2749
2495	2635
2508	2495
2546	2508
2511	2546
2612	2511
2914	2612
2801	2914
2610	2801
2796	2610
2761	2796
2670	2761
2613	2670
2780	2613
2776	2780
2682	2776
2611	2682
2533	2611
2429	2533
2459	2429
2767	2459
2772	2767
2701	2772
2662	2701
2605	2662
2525	2605
2522	2525
2531	2522
2615	2531
2606	2615
2632	2606
2580	2632
2562	2580
2762	2562
2683	2762
2558	2683
2620	2558
2623	2620
2692	2623
2673	2692
2626	2673
2641	2626
2655	2641
2584	2655
2576	2584
2470	2576
2485	2470
2554	2485
2572	2554
2569	2572
2582	2569
2551	2582
2504	2551
2500	2504
2283	2500
2487	2283
2527	2487
2521	2527
2634	2521
2609	2634
2600	2609
2585	2600
2481	2585
2496	2481
2506	2496
2633	2506
2479	2633
2467	2479
2466	2467
2449	2466
2589	2449
2769	2589
2875	2769
2865	2875
2864	2865
2759	2864
2547	2759
2540	2547
2675	2540
2860	2675
2787	2860
2765	2787
2760	2765
2075	2760
2085	2075
2446	2085
2414	2446
2520	2414
2501	2520
2453	2501
2472	2453
2433	2472
2383	2433
2457	2383
2597	2457
2550	2597
2513	2550
2407	2513
2296	2407
2409	2296
2456	2409
2292	2456
2287	2292
2312	2287
2195	2312
2275	2195
2286	2275
2448	2286
2423	2448
2482	2423
2519	2482
2381	2519
2372	2381
2526	2372
2669	2526
2374	2669
2788	2374
2771	2788
2656	2771
2348	2656
2672	2348
2367	2672
2361	2367
2360	2361
2602	2360
2548	2602
2538	2548
2510	2538
2316	2510
2503	2316
2663	2503
2671	2663
2556	2671
2515	2556
2507	2515
2338	2507
2505	2338
2347	2505
2545	2347
2369	2545
2356	2369
2782	2356
2337	2782
2313	2337
2311	2313
2333	2311
2343	2333
2357	2343
2342	2357
2327	2342
2524	2327
2509	2524
2530	2509
2516	2530
2514	2516
2450	2514
2340	2450
2441	2340
2647	2441
2608	2647
2618	2608
2523	2618
2437	2523
2426	2437
2412	2426
2418	2412
2241	2418
2234	2241
2723	2234
2724	2723
2722	2724
2678	2722
2707	2678
2666	2707
2695	2666
2654	2695
2648	2654
2619	2648
2614	2619
2486	2614
2542	2486
2502	2542
2661	2502
2696	2661
2492	2696
2557	2492
2499	2557
2489	2499
2436	2489
2452	2436
2553	2452
2581	2553
2427	2581
2493	2427
2463	2493
2458	2463
2339	2458
2607	2339
2621	2607
2625	2621
2518	2625
2490	2518
2475	2490
2352	2475
2387	2352
2328	2387
2365	2328
2473	2365
2359	2473
2358	2359
2354	2358
2350	2354
2349	2350
2341	2349
2332	2341
2147	2332
2190	2147
2294	2190
2417	2294
2299	2417
2455	2299
2442	2455
2445	2442
2434	2445
2435	2434
2431	2435
2440	2431
2468	2440
2577	2468
2583	2577
2396	2583
2413	2396
2394	2413
2391	2394
2419	2391
2469	2419
2494	2469
2461	2494
2809	2461
2831	2809
2843	2831
2574	2843
2571	2574
2570	2571
2566	2570
2529	2566
2422	2529
2415	2422
2559	2415
2250	2559
2280	2250
2425	2280
2444	2425
2447	2444
2269	2447
2282	2269
2273	2282
2254	2273
2266	2254
2477	2266
2406	2477
2464	2406
2262	2464
2281	2262
2397	2281
2405	2397
2484	2405
2601	2484
2586	2601
2544	2586
2460	2544
2438	2460
2454	2438
2376	2454
2378	2376
2278	2378
2364	2278
2229	2364
2260	2229
2420	2260
2290	2420
2251	2290
2243	2251
2439	2243
2480	2439
2336	2480
2478	2336
2428	2478
1965	2428
2213	1965
2239	2213
2451	2239
2392	2451
2398	2392
2255	2398
2237	2255
2194	2237
2212	2194
2200	2212
2404	2200
2403	2404
2402	2403
2389	2402
2221	2389
2227	2221
2245	2227
2230	2245
2189	2230
2168	2189
2193	2168
2488	2193
2532	2488
2324	2532
2203	2324
2184	2203
2370	2184
2331	2370
2660	2331
2536	2660
2371	2536
2326	2371
2355	2326
2471	2355
2330	2471
2197	2330
2379	2197
2044	2379
2344	2044
2375	2344
2377	2375
2351	2377
2373	2351
2411	2373
2297	2411
2335	2297
2329	2335
2363	2329
2462	2363
2285	2462
2217	2285
2443	2217
2306	2443
2277	2306
2220	2277
2325	2220
2346	2325
2319	2346
2302	2319
2320	2302
2300	2320
2304	2300
2353	2304
2308	2353
2321	2308
2314	2321
2310	2314
2309	2310
2301	2309
2307	2301
2099	2307
2096	2099
2090	2096
2077	2090
2104	2077
2400	2104
2399	2400
2395	2399
2385	2395
2334	2385
2284	2334
2295	2284
2271	2295
2291	2271
2218	2291
2293	2218
2388	2293
2384	2388
2382	2384
2380	2382
2276	2380
2390	2276
2410	2390
2272	2410
2268	2272
2267	2268
2204	2267
2240	2204
2235	2240
2257	2235
2288	2257
2256	2288
2233	2256
2224	2233
2208	2224
2129	2208
2107	2129
2125	2107
1958	2125
2110	1958
2141	2110
2345	2141
2155	2345
2317	2155
2323	2317
2185	2323
2318	2185
2153	2318
2150	2153
2106	2150
2053	2106
2076	2053
2073	2076
2303	2073
2103	2303
2080	2103
2079	2080
2305	2079
2088	2305
2082	2088
2067	2082
2091	2067
2097	2091
2066	2097
2089	2066
2048	2089
2047	2048
2043	2047
2041	2043
2032	2041
2058	2032
2063	2058
2064	2063
2108	2064
2279	2108
2171	2279
2100	2171
2248	2100
2366	2248
2258	2366
2430	2258
2362	2430
2170	2362
2393	2170
1938	2393
2211	1938
2206	2211
2182	2206
2172	2182
2151	2172
2111	2151
2116	2111
2181	2116
2137	2181
2253	2137
2228	2253
2386	2228
2232	2386
2191	2232
2157	2191
2133	2157
2322	2133
2196	2322
2207	2196
2210	2207
2160	2210
2158	2160
2131	2158
1969	2131
2231	1969
2236	2231
2163	2236
2159	2163
2156	2159
1962	2156
1944	1962
1968	1944
1956	1968
2223	1956
2113	2223
2187	2113
2242	2187
2265	2242
2178	2265
2199	2178
2226	2199
2298	2226
2161	2298
2219	2161
2263	2219
2202	2263
2215	2202
2165	2215
2216	2165
2183	2216
2135	2183
2102	2135
1966	2102
1937	1966
2130	1937
2020	2130
1961	2020
1888	1961
2021	1888
2070	2021
2152	2070
1983	2152
2008	1983
2003	2008
2039	2003
2105	2039
2101	2105
2086	2101
2072	2086
2068	2072
2074	2068
2071	2074
2094	2071
2315	2094
2169	2315
2401	2169
2095	2401
2087	2095
2081	2087
2069	2081
2035	2069
2065	2035
2061	2065
2040	2061
2049	2040
2057	2049
2042	2057
2036	2042
2024	2036
2029	2024
2055	2029
2046	2055
2037	2046
2009	2037
2209	2009
2173	2209
2118	2173
2120	2118
2112	2120
2154	2112
2140	2154
2225	2140
2188	2225
2259	2188
2368	2259
2252	2368
2205	2252
2149	2205
2114	2149
2045	2114
2054	2045
2052	2054
2249	2052
2179	2249
2246	2179
2201	2246
2192	2201
2186	2192
2177	2186
2174	2177
2127	2174
1964	2127
2198	1964
1891	2198
1882	1891
2030	1882
2019	2030
2018	2019
2014	2018
2010	2014
2017	2010
2083	2017
2060	2083
2025	2060
2134	2025
2004	2134
2093	2004
2062	2093
2050	2062
2011	2050
2000	2011
1979	2000
2015	1979
2012	2015
1999	2012
1976	1999
1985	1976
1866	1985
1910	1866
1940	1910
2142	1940
2222	2142
2247	2222
2136	2247
2167	2136
2166	2167
2117	2166
2124	2117
2123	2124
1908	2123
2164	1908
1960	2164
1948	1960
1933	1948
2176	1933
2162	2176
1925	2162
1893	1925
2144	1893
2148	2144
2139	2148
2084	2139
2121	2084
2005	2121
1927	2005
1975	1927
1902	1975
1980	1902
1953	1980
1943	1953
1863	1943
1899	1863
1936	1899
1941	1936
1768	1941
1963	1768
2270	1963
2264	2270
2261	2264
2109	2261
1835	2109
1932	1835
1911	1932
1780	1911
1770	1780
1764	1770
1854	1764
2214	1854
1934	2214
2028	1934
1951	2028
1867	1951
1887	1867
1879	1887
1898	1879
2016	1898
1970	2016
1946	1970
2119	1946
1912	2119
1909	1912
1939	1909
1959	1939
1952	1959
1950	1952
1942	1950
1935	1942
1913	1935
1907	1913
1900	1907
1889	1900
2031	1889
1973	2031
1949	1973
1955	1949
1917	1955
1856	1917
1763	1856
1695	1763
1678	1695
1957	1678
2007	1957
1848	2007
2078	1848
1971	2078
1947	1971
1894	1947
1916	1894
1852	1916
1837	1852
1869	1837
1877	1869
1853	1877
1864	1853
1847	1864
1841	1847
1775	1841
1824	1775
2027	1824
2175	2027
2098	2175
2126	2098
2006	2126
1986	2006
2122	1986
2146	2122
2289	2146
2274	2289
2244	2274
2238	2244
2180	2238
2145	2180
2143	2145
2138	2143
2132	2138
2092	2132
2115	2092
2128	2115
1926	2128
1840	1926
1756	1840
1923	1756
1683	1923
1680	1683
1681	1680
1924	1681
1836	1924
1704	1836
1886	1704
1905	1886
1713	1905
2051	1713
1861	2051
1816	1861
1729	1816
1627	1729
1793	1627
1774	1793
1711	1774
1858	1711
1880	1858
1860	1880
1839	1860
1820	1839
1769	1820
1931	1769
1890	1931
1759	1890
1682	1759
1669	1682
1651	1669
1655	1651
1765	1655
1753	1765
1788	1753
1789	1788
1809	1789
1831	1809
1784	1831
1772	1784
1752	1772
1885	1752
1727	1885
1823	1727
1797	1823
1992	1797
2002	1992
1834	2002
1981	1834
1807	1981
1618	1807
1814	1618
2013	1814
1996	2013
1897	1996
2001	1897
1987	2001
1954	1987
1945	1954
1822	1945
1921	1822
1785	1921
1875	1785
1760	1875
2023	1760
1928	2023
1859	1928
1696	1859
1672	1696
1664	1672
1658	1664
1779	1658
1776	1779
1781	1776
1691	1781
1703	1691
1693	1703
1689	1693
1654	1689
1652	1654
1432	1652
1462	1432
1511	1462
1714	1511
1884	1714
2026	1884
1771	2026
1767	1771
1762	1767
1722	1762
1720	1722
1673	1720
1676	1673
1677	1676
1670	1677
1671	1670
1665	1671
1663	1665
1638	1663
1506	1638
1667	1506
1662	1667
1659	1662
1600	1659
1477	1600
1569	1477
1611	1569
1700	1611
1603	1700
1761	1603
1595	1761
1530	1595
1468	1530
1494	1468
1495	1494
1470	1495
1469	1470
1702	1469
1686	1702
1844	1686
1855	1844
1878	1855
1873	1878
1892	1873
1783	1892
1692	1783
1750	1692
1668	1750
1812	1668
1639	1812
1679	1639
1920	1679
1914	1920
1915	1914
1881	1915
1896	1881
1874	1896
1862	1874
1851	1862
1833	1851
1808	1833
1829	1808
1967	1829
1988	1967
1901	1988
1895	1901
1849	1895
1870	1849
1865	1870
1815	1865
1813	1815
1738	1813
2033	1738
2059	2033
1745	2059
2038	1745
2034	2038
1997	2034
1995	1997
1994	1995
1991	1994
1993	1991
1972	1993
1850	1972
1982	1850
2022	1982
1977	2022
1929	1977
1868	1929
1827	1868
1998	1827
1918	1998
1872	1918
1919	1872
1876	1919
1846	1876
1857	1846
1903	1857
1782	1903
1787	1782
1694	1787
1707	1694
1648	1707
1515	1648
1773	1515
1758	1773
1602	1758
1741	1602
1701	1741
1697	1701
1634	1697
1630	1634
1625	1630
1728	1625
1739	1728
1906	1739
1930	1906
1922	1930
1904	1922
1883	1904
1838	1883
1554	1838
1690	1554
1698	1690
1751	1698
1754	1751
1534	1754
1871	1534
1974	1871
2056	1974
1990	2056
1819	1990
1748	1819
1715	1748
1579	1715
1799	1579
1821	1799
1810	1821
1818	1810
1845	1818
1731	1845
1743	1731
1832	1743
1830	1832
1802	1830
1744	1802
1726	1744
1568	1726
1718	1568
1666	1718
1684	1666
1688	1684
1656	1688
1650	1656
1643	1650
1642	1643
1512	1642
1324	1512
1509	1324
1540	1509
1795	1540
1766	1795
1786	1766
1806	1786
1804	1806
1777	1804
1725	1777
1712	1725
1740	1712
1817	1740
1825	1817
1978	1825
1984	1978
1798	1984
1842	1798
1826	1842
1736	1826
1717	1736
1622	1717
1589	1622
1585	1589
1747	1585
1794	1747
1801	1794
1811	1801
1708	1811
1800	1708
1733	1800
1653	1733
1757	1653
1755	1757
1705	1755
1685	1705
1637	1685
1661	1637
1539	1661
1598	1539
1450	1598
1580	1450
1458	1580
1334	1458
1623	1334
1613	1623
1604	1613
1706	1604
1401	1706
1479	1401
1368	1479
1582	1368
1605	1582
1633	1605
1746	1633
1609	1746
1588	1609
1542	1588
1521	1542
1790	1521
1577	1790
1632	1577
1621	1632
1591	1621
1615	1591
1575	1615
1735	1575
1828	1735
1803	1828
1710	1803
1636	1710
1620	1636
1742	1620
1645	1742
1617	1645
1561	1617
1608	1561
1513	1608
1553	1513
1492	1553
1490	1492
1641	1490
1843	1641
1640	1843
1505	1640
1567	1505
1687	1567
1484	1687
1463	1484
1514	1463
1486	1514
1778	1486
1657	1778
1646	1657
1660	1646
1644	1660
1635	1644
1737	1635
1597	1737
1610	1597
1466	1610
1419	1466
1391	1419
1606	1391
1581	1606
1796	1581
1989	1796
1805	1989
1724	1805
1721	1724
1730	1721
1624	1730
1716	1624
1709	1716
1573	1709
1619	1573
1628	1619
1586	1628
1483	1586
1449	1483
1674	1449
1675	1674
1607	1675
1647	1607
1570	1647
1558	1570
1560	1558
1552	1560
1551	1552
1544	1551
1548	1544
1373	1548
1314	1373
1356	1314
1543	1356
1596	1543
1517	1596
1500	1517
1557	1500
1501	1557
1498	1501
1599	1498
1522	1599
1550	1522
1590	1550
1565	1590
1555	1565
1532	1555
1394	1532
1527	1394
1376	1527
1340	1376
1349	1340
1496	1349
1260	1496
1347	1260
1342	1347
1473	1342
1508	1473
1504	1508
1510	1504
1503	1510
1455	1503
1344	1455
1353	1344
1354	1353
1507	1354
1211	1507
1332	1211
1318	1332
1311	1318
1240	1311
1241	1240
1335	1241
1436	1335
1499	1436
1348	1499
1485	1348
1460	1485
1361	1460
1547	1361
1381	1547
1571	1381
1541	1571
1601	1541
1612	1601
1631	1612
1626	1631
1574	1626
1559	1574
1556	1559
1545	1556
1531	1545
1516	1531
1427	1516
1425	1427
1424	1425
1418	1424
1416	1418
1422	1416
1537	1422
1523	1537
1536	1523
1525	1536
1426	1525
1520	1426
1423	1520
1420	1423
1417	1420
1593	1417
1791	1593
1749	1791
1723	1749
1629	1723
1732	1629
1792	1732
1592	1792
1719	1592
1566	1719
1564	1566
1584	1564
1549	1584
1535	1549
1526	1535
1409	1526
1413	1409
1406	1413
1405	1406
1400	1405
1398	1400
1306	1398
1299	1306
1487	1299
1734	1487
1576	1734
1528	1576
1562	1528
1594	1562
1399	1594
1411	1399
1410	1411
1415	1410
1414	1415
1383	1414
1533	1383
1412	1533
1386	1412
1395	1386
1407	1395
1529	1407
1572	1529
1524	1572
1518	1524
1408	1518
1403	1408
1397	1403
1389	1397
1404	1389
1402	1404
1388	1402
1378	1388
1393	1378
1390	1393
1382	1390
1379	1382
1375	1379
1374	1375
1372	1374
1371	1372
1392	1371
1363	1392
1369	1363
1370	1369
1367	1370
1365	1367
1364	1365
1380	1364
1269	1380
1252	1269
1493	1252
1366	1493
1310	1366
1346	1310
1699	1346
1442	1699
1538	1442
1480	1538
1649	1480
1452	1649
1448	1452
1447	1448
1441	1447
1472	1441
1497	1472
1461	1497
1430	1461
1438	1430
1453	1438
1465	1453
1444	1465
1439	1444
1437	1439
1446	1437
1502	1446
1489	1502
1435	1489
1433	1435
1431	1433
1355	1431
1358	1355
1474	1358
1387	1474
1294	1387
1295	1294
1217	1295
1331	1217
1488	1331
1330	1488
1583	1330
1265	1583
1322	1265
1491	1322
1454	1491
1464	1454
1445	1464
1345	1445
1451	1345
1359	1451
1341	1359
1343	1341
1338	1343
1337	1338
1323	1337
1333	1323
1244	1333
1329	1244
1428	1329
1258	1428
1137	1258
1467	1137
1235	1467
1328	1235
1319	1328
1309	1319
1130	1309
1239	1130
1459	1239
1320	1459
1264	1320
1226	1264
1221	1226
1456	1221
1457	1456
1481	1457
1471	1481
1230	1471
1350	1230
1312	1350
1139	1312
1245	1139
1317	1245
1219	1317
1315	1219
1234	1315
1096	1234
1087	1096
1091	1087
1094	1091
1233	1094
1238	1233
1297	1238
1316	1297
1336	1316
1193	1336
1288	1193
1187	1288
1440	1187
1305	1440
1291	1305
1209	1291
1578	1209
1563	1578
1614	1563
1546	1614
1519	1546
1302	1519
1616	1302
1327	1616
1285	1327
1282	1285
1268	1282
1262	1268
1256	1262
1377	1256
1275	1377
1270	1275
1304	1270
1180	1304
1261	1180
1271	1261
1031	1271
1024	1031
1058	1024
1206	1058
1168	1206
1158	1168
1246	1158
1191	1246
1205	1191
1421	1205
1384	1421
1362	1384
1360	1362
1357	1360
1243	1357
1148	1243
1047	1148
1231	1047
1249	1231
1478	1249
1476	1478
1482	1476
1190	1482
1171	1190
1293	1171
1279	1293
1303	1279
1289	1303
1300	1289
1283	1300
1276	1283
1286	1276
1277	1286
1272	1277
1255	1272
1177	1255
1278	1177
1267	1278
1290	1267
1251	1290
1253	1251
1287	1253
1257	1287
1200	1257
1020	1200
1013	1020
1127	1013
1095	1127
1092	1095
1149	1092
1248	1149
1188	1248
1207	1188
1147	1207
1145	1147
1125	1145
1121	1125
1034	1121
1143	1034
1018	1143
1030	1018
989	1030
1099	989
655	1099
1000	655
994	1000
1135	994
1214	1135
1159	1214
1229	1159
1475	1229
1313	1475
1250	1313
1162	1250
1296	1162
1254	1296
1222	1254
1178	1222
1172	1178
1008	1172
1167	1008
1067	1167
1118	1067
1210	1118
1242	1210
996	1242
1223	996
1204	1223
997	1204
1046	997
940	1046
992	940
793	992
651	793
820	651
1051	820
1124	1051
1352	1124
1385	1352
1587	1385
1429	1587
1434	1429
1321	1434
1351	1321
1339	1351
1119	1339
1216	1119
1196	1216
1225	1196
1308	1225
1227	1308
1131	1227
1110	1131
1079	1110
1108	1079
1035	1108
962	1035
1038	962
862	1038
1126	862
1259	1126
1298	1259
1263	1298
1192	1263
1301	1192
1208	1301
1164	1208
1056	1164
1174	1056
1183	1174
1292	1183
1189	1292
1166	1189
1043	1166
1161	1043
1195	1161
1173	1195
1157	1173
993	1157
982	993
1151	982
1122	1151
1050	1122
998	1050
999	998
1048	999
1025	1048
984	1025
1011	984
884	1011
885	884
961	885
981	961
970	981
1032	970
1027	1032
988	1027
969	988
1045	969
1006	1045
1154	1006
1274	1154
1266	1274
1156	1266
1247	1156
1396	1247
1281	1396
1107	1281
918	1107
943	918
1201	943
1443	1201
1284	1443
1194	1284
1022	1194
1014	1022
1061	1014
1062	1061
1307	1062
1103	1307
1128	1103
860	1128
1117	860
1111	1117
1123	1111
1101	1123
1215	1101
1184	1215
1232	1184
1212	1232
1163	1212
1182	1163
1186	1182
1141	1186
1181	1141
1203	1181
1144	1203
1175	1144
1199	1175
1165	1199
1155	1165
1053	1155
1198	1053
1325	1198
1236	1325
1138	1236
1026	1138
1237	1026
1326	1237
1228	1326
1185	1228
1176	1185
1169	1176
983	1169
898	983
919	898
1080	919
1086	1080
1218	1086
1072	1218
1077	1072
1076	1077
1090	1076
1089	1090
1042	1089
1040	1042
1036	1040
1033	1036
1116	1033
1136	1116
1224	1136
1069	1224
1132	1069
1220	1132
893	1220
1081	893
1052	1081
1049	1052
1071	1049
1115	1071
1109	1115
964	1109
876	964
944	876
936	944
927	936
935	927
933	935
1142	933
1133	1142
1112	1133
1202	1112
1170	1202
1085	1170
1114	1085
1213	1114
1140	1213
1074	1140
905	1074
1037	905
965	1037
1004	965
1001	1004
947	1001
959	947
945	959
868	945
879	868
870	879
861	870
784	861
921	784
913	921
1083	913
1102	1083
1068	1102
977	1068
922	977
972	922
1070	972
978	1070
953	978
907	953
887	907
1055	887
1003	1055
1073	1003
1054	1073
1098	1054
1113	1098
1150	1113
1105	1150
1146	1105
1082	1146
1084	1082
785	1084
973	785
754	973
1093	754
1059	1093
1057	1059
1015	1057
787	1015
656	787
1063	656
699	1063
664	699
737	664
734	737
717	734
603	717
661	603
801	661
902	801
866	902
840	866
791	840
833	791
850	833
863	850
864	863
900	864
948	900
1152	948
1078	1152
1075	1078
985	1075
1016	985
975	1016
1066	975
1120	1066
1104	1120
897	1104
971	897
871	971
827	871
1009	827
950	1009
1029	950
1005	1029
1039	1005
980	1039
903	980
920	903
894	920
895	894
916	895
966	916
946	966
915	946
882	915
881	882
872	881
958	872
911	958
926	911
812	926
956	812
979	956
951	979
925	951
909	925
842	909
906	842
904	906
740	904
865	740
695	865
808	695
765	808
684	765
746	684
738	746
742	738
877	742
896	877
914	896
990	914
1007	990
963	1007
986	963
938	986
873	938
857	873
779	857
937	779
1153	937
1012	1153
1010	1012
1019	1010
960	1019
934	960
942	934
1100	942
1065	1100
1064	1065
1088	1064
1129	1088
1134	1129
941	1134
955	941
995	955
957	995
1017	957
888	1017
912	888
917	912
755	917
910	755
859	910
763	859
750	763
769	750
739	769
745	739
731	745
880	731
668	880
751	668
743	751
727	743
729	727
891	729
733	891
736	733
721	736
716	721
697	716
752	697
747	752
713	747
709	713
714	709
1060	714
741	1060
748	741
1097	748
967	1097
991	967
976	991
968	976
949	968
1197	949
932	1197
939	932
1179	939
1002	1179
987	1002
974	987
928	974
838	928
1044	838
1160	1044
1280	1160
1273	1280
1028	1273
1021	1028
889	1021
954	889
878	954
858	878
854	858
815	854
675	815
628	675
835	628
749	835
703	749
629	703
720	629
707	720
908	707
883	908
892	883
929	892
924	929
875	924
809	875
851	809
923	851
901	923
829	901
800	829
766	800
770	766
930	770
822	930
855	822
817	855
836	817
794	836
777	794
687	777
548	687
783	548
804	783
802	804
792	802
848	792
843	848
841	843
831	841
899	831
797	899
828	797
823	828
819	823
757	819
718	757
813	718
856	813
795	856
821	795
847	821
886	847
853	886
874	853
826	874
814	826
773	814
781	773
832	781
568	832
818	568
846	818
869	846
837	869
816	837
788	816
570	788
830	570
834	830
798	834
805	798
666	805
702	666
691	702
683	691
708	683
1041	708
761	1041
952	761
735	952
732	735
710	732
724	710
726	724
712	726
730	712
677	730
659	677
689	659
672	689
610	672
583	610
616	583
601	616
600	601
753	600
609	753
598	609
613	598
657	613
608	657
647	608
586	647
728	586
685	728
681	685
706	681
825	706
760	825
588	760
409	588
476	409
849	476
845	849
756	845
644	756
563	644
852	563
867	852
772	867
679	772
931	679
744	931
725	744
688	725
663	688
650	663
705	650
653	705
665	653
645	665
592	645
680	592
662	680
704	662
693	704
611	693
605	611
606	605
584	606
515	584
692	515
698	692
682	698
673	682
723	673
701	723
700	701
576	700
1106	576
1023	1106
639	1023
554	639
667	554
483	667
758	483
534	758
810	534
759	810
686	759
676	686
649	676
696	649
578	696
620	578
636	620
615	636
519	615
590	519
670	590
587	670
446	587
556	446
654	556
621	654
623	621
642	623
625	642
530	625
463	530
635	463
640	635
669	640
722	669
715	722
674	715
711	674
607	711
637	607
596	637
890	596
839	890
803	839
796	803
538	796
553	538
540	553
439	540
407	439
470	407
811	470
844	811
719	844
552	719
678	552
652	678
643	652
638	643
574	638
522	574
467	522
489	467
475	489
633	475
417	633
646	417
619	646
501	619
510	501
368	510
356	368
502	356
528	502
532	528
525	532
602	525
595	602
585	595
604	585
542	604
529	542
480	529
484	480
567	484
566	567
690	566
780	690
776	780
641	776
806	641
824	806
782	824
799	782
790	799
789	790
778	789
786	778
767	786
764	767
565	764
671	565
332	671
469	332
612	469
559	612
775	559
774	775
535	774
468	535
561	468
768	561
546	768
450	546
581	450
577	581
488	577
508	488
627	508
461	627
201	461
454	201
622	454
465	622
558	465
434	558
418	434
412	418
550	412
572	550
594	572
593	594
582	593
575	582
547	575
499	547
405	499
517	405
505	517
511	505
438	511
413	438
391	413
390	391
503	390
514	503
579	514
618	579
626	618
544	626
513	544
521	513
630	521
694	630
520	694
597	520
555	597
580	555
660	580
634	660
415	634
509	415
524	509
506	524
419	506
410	419
452	410
507	452
399	507
460	399
429	460
474	429
237	474
416	237
421	416
378	421
420	378
490	420
385	490
357	385
348	357
327	348
383	327
299	383
294	299
388	294
485	388
516	485
526	516
504	526
599	504
527	599
523	527
500	523
498	500
491	498
487	491
457	487
411	457
400	411
492	400
494	492
486	494
459	486
361	459
355	361
445	355
187	445
233	187
455	233
771	455
473	771
433	473
235	433
226	235
239	226
537	239
562	537
624	562
631	624
658	631
632	658
573	632
493	573
482	493
539	482
533	539
238	533
216	238
207	216
212	207
543	212
462	543
617	462
614	617
278	614
458	278
541	458
557	541
444	557
440	444
424	440
231	424
560	231
471	560
807	471
762	807
564	762
478	564
437	478
234	437
648	234
571	648
569	571
472	569
456	472
423	456
242	423
466	242
441	466
464	441
531	464
379	531
384	379
345	384
545	345
536	545
479	536
449	479
453	449
451	453
431	451
309	431
322	309
312	322
308	312
298	308
323	298
374	323
338	374
496	338
481	496
403	481
314	403
296	314
381	296
389	381
396	389
398	396
331	398
589	331
591	589
495	591
344	495
340	344
313	340
406	313
347	406
307	347
315	307
247	315
283	247
387	283
105	387
358	105
354	358
336	354
297	336
106	297
414	106
339	414
321	339
80	321
333	80
266	333
293	266
290	293
257	290
277	257
335	277
366	335
382	366
341	382
325	341
302	325
244	302
363	244
395	363
427	395
394	427
497	394
518	497
401	518
397	401
386	397
443	386
442	443
305	442
372	305
404	372
291	404
284	291
289	284
365	289
324	365
317	324
252	317
250	252
275	250
270	275
90	270
329	90
349	329
326	349
159	326
205	159
191	205
204	191
170	204
139	204
199	139
213	199
197	213
310	197
267	310
258	267
265	258
352	265
232	352
328	232
435	328
301	435
316	301
426	316
512	426
402	512
300	402
46	300
45	46
79	45
351	79
380	351
393	380
392	393
343	392
107	343
254	107
359	254
375	359
364	375
353	364
68	353
183	68
17	183
141	68
230	141
210	230
179	210
154	179
115	154
95	115
246	95
94	246
81	94
67	81
9	67
55	9
286	55
227	286
103	227
89	103
271	89
295	271
259	295
268	259
111	268
93	111
83	93
86	83
292	86
287	292
236	287
98	236
99	98
256	99
251	256
192	251
52	192
264	52
85	264
377	85
346	377
350	346
371	350
376	371
370	376
369	370
367	369
362	367
360	362
334	360
320	334
337	320
311	337
304	311
285	304
273	285
18	273
342	18
330	342
110	330
113	110
118	113
306	118
303	306
240	303
148	240
189	148
551	189
549	551
220	549
137	220
211	137
147	211
126	147
131	126
121	131
157	121
66	157
186	66
180	186
200	180
229	200
223	200
432	223
221	432
214	221
218	214
245	218
176	245
203	176
194	203
193	194
184	193
166	184
171	166
185	171
190	185
188	190
206	188
428	206
319	428
477	319
373	477
288	373
280	288
269	280
261	269
29	261
195	29
168	195
208	168
196	168
182	196
175	182
158	175
143	175
172	143
132	172
114	195
282	114
281	282
276	281
274	276
108	274
77	108
76	77
64	76
48	64
243	48
262	243
169	262
78	169
75	78
104	75
32	78
253	32
241	253
164	241
228	164
447	228
430	447
422	430
408	422
436	408
222	436
425	222
202	425
219	202
224	219
163	224
448	163
162	448
152	162
145	152
215	145
124	215
40	124
198	40
100	198
65	100
209	65
255	209
225	255
167	225
73	167
62	167
28	62
58	65
97	58
142	97
53	142
16	142
4	58
12	100
122	215
177	122
160	177
178	160
130	160
136	130
272	136
217	272
144	217
125	144
20	272
36	20
35	36
10	272
146	10
41	146
112	41
263	112
133	263
96	133
8	96
260	8
91	260
88	91
155	88
249	155
116	249
102	116
92	102
138	92
279	138
248	279
42	248
84	42
23	84
63	23
117	63
181	117
151	181
22	181
101	22
31	101
14	31
69	14
82	69
70	82
38	70
26	38
39	69
44	39
19	101
34	117
33	34
25	33
11	25
3	11
1	41
37	1
30	37
27	146
74	27
127	136
140	162
161	140
156	161
123	140
21	243
71	21
109	71
5	48
174	280
120	174
119	120
59	119
54	59
57	54
61	57
60	61
318	60
47	318
15	318
134	190
173	134
150	173
135	150
165	135
149	165
129	149
128	165
24	113
7	24
0	86
6	0
49	6
72	49
87	72
56	87
2	49
51	103
50	51
13	94
43	13
153	199
