Cell
5106
745
1839
1434
5054
3551
872
2771
900
3397
3067
5102
2955
3535
4583
2554
1258
3309
1955
91
2592
2631
2024
4848
4518
3886
1964
3431
4163
2342
4052
2474
4369
4277
4042
4308
4416
2161
177
102
2959
4139
4341
4918
2742
132
2241
5016
3034
3657
1579
2505
1338
4488
2266
1128
642
913
1954
42
3078
348
1203
5092
963
997
2329
3302
4790
4280
4352
1705
2265
2281
1026
2947
2376
4010
4070
1169
2632
57
4922
4621
3102
811
1762
4714
1085
4221
356
1828
4470
4307
4086
4099
1227
4663
2360
1497
4735
3574
4179
4265
1738
965
956
4929
2764
5088
1561
1112
3098
952
2067
3203
3807
3749
2222
2297
5120
2066
2914
1051
3532
4676
1841
1587
2070
1283
1531
4496
3104
1644
3233
1439
148
463
1787
1461
1263
585
1315
3080
3079
3060
1917
2782
2734
4053
1685
332
82
409
2723
1488
3395
4336
3822
1318
2213
2403
4860
3682
4687
4174
4940
2276
4191
2303
4804
2072
3895
843
3971
3014
971
380
1631
15
4443
2404
78
739
4711
265
523
2076
1867
4421
4207
536
256
3113
1786
3474
1744
3256
768
589
3630
5019
2006
2127
361
1390
623
2647
2934
804
4374
2559
1747
2081
2156
4619
307
5062
3336
2082
4994
2131
1534
289
2225
1844
4311
2967
3592
4554
1064
5072
4384
5093
3247
939
4395
418
4525
635
4413
3142
4469
5077
3285
2856
2833
3396
612
2920
3903
4568
2753
4928
4519
2133
2984
673
5024
3579
3007
2514
1551
3566
288
4558
962
4774
665
779
1068
2340
4589
2008
1225
1840
3873
4786
1151
2689
2842
1421
857
4996
3726
1592
4031
4749
175
2363
3865
2710
3547
4868
1897
1584
4234
3844
1697
262
2317
5125
3929
5000
4862
2502
3174
4815
4063
2145
643
213
3981
4888
185
1625
1666
4075
2168
4945
1924
4861
4007
164
2766
2512
3489
1155
950
1940
2232
2150
3506
377
1343
3305
2749
2660
2733
1245
3045
4239
1833
3602
1205
3697
2714
773
1636
4456
784
3685
4435
363
3746
2850
2029
1143
4766
4563
4508
481
3752
4820
1114
2830
2497
2179
2590
2562
2454
3600
3307
3276
3475
3107
4122
1504
359
564
2378
5026
1107
1647
3204
1170
2354
3856
3082
762
2445
3722
2687
3966
2167
3982
4101
4111
2063
2788
4129
1124
2882
867
4274
3424
1510
3870
4947
3213
3156
1126
2835
2686
1719
480
2440
4914
3869
4890
4486
1745
883
4893
2165
3747
4295
1139
4096
3316
3445
3912
1096
147
3484
1400
3967
2522
2332
1349
5012
707
2099
4654
985
4697
4433
382
1733
2009
4646
3384
1805
2699
3930
2178
2531
63
3998
1265
2796
3694
303
1898
1376
1659
5021
4176
2521
1102
3065
1751
494
5063
1570
507
3061
257
4485
3711
1037
138
3977
3423
783
1806
159
1502
2874
2096
840
1866
918
546
4164
3451
3031
814
3269
2717
1189
227
863
437
1232
5052
4875
97
3296
2810
4964
2315
4108
247
3975
43
888
5039
4429
4979
1949
1235
1267
1144
3970
2581
2183
1115
4880
279
1614
3636
1775
1523
3492
2084
270
2965
4141
774
1021
127
2886
1222
4209
2958
3355
2106
4582
392
3237
5119
1982
1914
3096
1150
3573
1988
970
4812
5003
5023
600
4205
429
3238
2152
1718
2911
484
1779
493
4693
1219
3953
2475
1409
2494
2149
4626
1420
703
924
1334
1281
3460
4438
697
459
385
1253
5116
1274
519
3729
3340
4967
3414
1499
1989
2389
2093
2883
2417
2670
3221
3959
4481
2722
4671
4260
4464
1449
1673
5104
4168
2801
4837
5011
1135
2677
3191
2673
1185
4439
2836
1860
2926
786
1946
4245
1562
524
626
4394
3051
4196
3842
906
4162
3891
1307
572
2918
3867
3638
2103
4093
3646
1271
3364
3642
1958
2206
223
502
375
483
1070
1820
1817
820
5060
4175
4881
4976
3412
4730
2907
3675
2135
188
1314
3777
208
2725
397
5033
947
5040
1908
4704
3825
3632
4194
1928
2061
1759
4365
202
979
3671
3555
2571
2572
1375
1746
4708
1275
4460
155
709
1398
4142
2504
4814
1829
4606
413
548
2704
3764
4836
1367
2954
1699
2688
4490
2039
3206
2437
1895
4026
1626
353
1793
1819
2664
4189
2721
1903
1565
629
2986
4499
3756
3183
1110
1524
2846
4064
4098
2459
2619
4873
1500
664
905
654
2949
3599
1826
4353
3699
441
295
1479
841
3109
4938
3091
2526
4106
1431
604
3168
865
3735
3923
5064
4259
3678
2204
4284
4808
681
3306
1403
4510
2528
1823
4161
3428
2189
5036
4949
4360
2327
3317
1429
1289
3149
4752
674
2757
3277
2550
3868
3889
1254
4478
