Cell
4792
1246
2837
1722
2918
1317
432
4516
1428
101
4371
3279
1865
1390
2285
4718
2983
4381
4868
5083
1145
5087
3247
1934
4627
2484
4562
2509
1718
1873
4790
3292
603
3379
3970
2925
3998
522
5047
100
940
3642
2029
4523
1302
4664
3666
2145
4375
507
610
4217
2755
737
4593
25
3431
5066
1735
2869
4956
549
60
1017
4699
1204
3480
3152
133
4390
210
2338
4158
4900
5028
339
4481
4880
1944
260
4512
4808
4885
2639
2810
3145
3720
3367
1778
1488
850
3516
3164
3369
2330
2274
2349
1579
1454
3335
4935
1231
3987
2261
108
2777
4852
262
2663
76
570
0
3778
367
4422
1226
3009
879
4295
4343
961
4447
628
426
1320
2023
1271
4831
2861
894
3322
4328
34
3473
722
1013
4223
4113
875
1740
4626
2867
466
1880
3881
97
2917
4982
4773
3686
2947
1160
4970
358
4277
4599
3107
1806
1041
1657
4724
928
573
4233
374
2922
4948
3430
2328
861
4666
4281
4394
1432
4107
3259
5067
4816
4260
2071
2833
4678
4351
1136
3615
3267
4071
2317
2689
3141
4569
1684
2199
2977
3732
3264
3373
3545
2362
1128
4159
2536
248
2938
404
137
3902
960
4471
5
1335
2567
3913
253
3116
4952
2579
3745
4063
483
3744
3302
261
2092
4827
3175
3015
4399
550
3408
3358
3289
1853
5084
909
3850
2519
911
3532
2618
1675
4303
5062
3676
5025
1782
3848
1349
3160
1340
1829
826
178
1391
3119
4229
979
1376
3883
2541
4607
4174
498
3696
19
2902
4553
2793
2153
3602
2463
1486
778
1147
1460
3816
1152
1366
2770
3791
5057
473
664
568
2561
3037
24
2128
5089
2890
3025
490
531
4670
1312
2790
3665
118
2117
1471
1769
395
1491
1663
2876
915
3542
2775
1879
233
4994
2101
4118
2470
4797
1050
4359
4536
2104
3868
3118
2304
3928
4137
2018
2389
5103
3449
1883
4150
1490
4172
4178
1110
5122
1124
467
2468
527
5108
3648
1656
3215
2218
1284
2185
3272
2603
1469
4964
502
4053
2994
4986
600
803
4829
4348
4715
4761
3650
1670
485
4606
303
3657
4258
1350
2491
1577
4688
1380
1043
1997
1436
4357
1062
4151
1895
513
3841
2873
4795
160
5120
1306
3312
3470
4508
2257
465
3477
4981
2928
4139
1533
1745
835
1857
2935
1417
37
667
4891
2984
4448
3301
1920
1676
1776
2002
4701
2064
1117
2638
3429
3591
361
1690
501
3476
1986
4306
2604
2109
4142
1120
4164
1081
2461
3547
3382
4965
50
1458
3654
1590
2554
2794
3250
532
2801
3570
28
3668
2892
2453
344
2599
458
3984
982
3877
3736
2580
3475
1921
572
5001
3111
3472
3332
4465
3120
4745
3309
553
5056
4534
1804
150
4162
3994
1923
124
3735
2171
2082
2546
2067
1329
345
3884
2262
780
695
4910
2969
2501
23
3482
936
3603
1455
976
4930
4410
2030
1618
2568
2545
1403
4492
4771
3072
2958
27
2334
1408
1001
2
777
2424
3483
4888
955
84
3183
2184
4573
2779
3168
4544
2696
1045
2650
2188
3425
1374
4804
3941
1583
3706
4668
353
1754
3042
1379
4576
1840
2335
3707
3757
560
324
4415
4759
310
690
1070
4657
590
1359
323
4574
4542
1368
2784
4732
468
3771
1909
4611
3878
1316
837
797
3019
1309
1336
3537
4674
2781
3355
682
634
1767
3743
2985
1022
2995
2258
4615
366
1056
2118
413
106
1252
544
4431
2440
609
2778
1422
436
4865
3271
2506
2836
3298
1299
52
3982
1048
2686
2068
4730
3021
4746
2086
1085
4853
2749
636
3018
1024
3274
3693
1236
2923
1689
3214
4850
3317
2773
688
4499
1322
4909
2929
1987
655
1384
3199
446
639
1112
5053
1262
3354
3796
1449
1982
402
1404
3551
216
1852
4558
4895
4340
11
3213
2053
1440
3871
2373
170
2908
512
692
4957
3007
705
4166
906
2016
4438
316
2099
3090
2316
2383
3887
5009
1217
401
183
3362
2127
4327
5091
4830
4
1174
3285
3659
511
4734
1582
4406
2942
3724
131
2712
1765
2268
2442
2877
2233
3974
157
4928
1542
62
4539
4837
4752
1519
536
3692
3811
1475
3819
3967
3568
368
1794
5037
3229
3087
415
3091
1210
645
5039
4054
2211
648
4016
2961
196
1115
4485
1264
3625
175
3669
1957
2444
2676
3722
2445
1287
1523
2097
2178
3237
4129
4969
125
3410
497
1239
2648
2513
751
4871
3300
1398
1721
5085
4645
834
193
2382
2300
181
4077
2403
1555
4313
3538
3398
5045
1362
4985
4799
1274
1215
331
1884
113
1763
3363
4716
2972
2864
287
3909
86
297
4454
2619
964
2552
561
3939
1497
3190
399
1838
2028
1251
4659
1311
2708
811
3491
2878
2828
2230
3417
4859
4004
3754
2975
4747
1755
1452
783
1244
4633
840
3723
91
4009
4624
493
1510
2722
802
3764
1624
3501
1601
829
4188
1178
3330
3632
1278
800
4883
1932
1849
3557
2462
5003
670
808
3839
1566
2007
166
1824
839
3946
1773
1493
1465
526
2103
937
3550
3345
2537
3971
503
1969
2149
2952
4733
1562
3837
2353
3989
581
3908
4370
1759
3418
884
1810
4639
3033
4966
2991
3057
1381
2616
4527
5035
672
1661
203
4191
4741
4559
4479
1821
4881
3672
3889
391
3900
3428
1179
4087
3737
4355
4036
2690
671
3027
1034
4555
908
5127
2050
1730
1947
2534
5093
1305
2215
1781
2802
1825
2450
2247
2906
633
70
2376
543
3380
4648
2789
3182
1363
853
3283
2515
1483
2705
2826
4446
2848
848
208
3104
986
2035
4849
1304
3622
3157
3226
3150
978
1352
390
2812
874
4603
2182
5020
3034
631
3030
627
1858
2367
2415
4754
4911
46
4244
947
3937
545
4440
3524
1269
1886
4976
296
1913
4152
3211
2331
378
4342
4334
2868
1248
754
1162
2655
5058
3585
541
1283
1242
3108
2964
2743
4090
3626
393
1627
4631
2982
286
5100
36
1159
4206
902
3836
2780
3943
4990
3228
889
5048
349
4232
4364
4429
3462
756
4984
1324
1021
4950
952
1733
3646
2742
1524
4096
1696
3949
5017
2694
2248
234
3371
904
4518
1705
1139
3339
3127
773
1791
4635
4176
1654
2063
4147
1536
123
4723
4941
2034
2477
4514
1026
3173
2924
5102
2356
171
702
621
4271
474
2226
1184
1175
4194
3456
2849
1877
2409
4487
989
3540
4161
2045
3513
121
2879
3052
4711
579
2652
1511
1107
475
3360
3170
4432
977
3986
3129
4177
2687
4434
5090
770
126
2359
828
3003
1786
1255
1042
1737
2835
3109
2210
724
4273
1999
1585
1443
3093
882
4125
4307
1177
2114
1039
2421
3295
4983
1161
2888
3824
1847
2758
146
4265
546
1012
4175
3281
990
1976
878
847
2292
1954
1181
4550
3916
3405
1518
995
4042
1156
698
4533
3143
640
1074
4642
4336
868
1180
1985
2059
1478
1617
2339
3461
2027
1629
2530
2559
4098
3628
2896
3435
2402
4694
662
2889
3506
1727
270
3076
2570
63
538
1500
2934
3156
1702
1416
222
3465
2048
2993
4380
4671
974
176
2768
1370
4112
981
1489
739
4605
1509
114
3818
3581
4224
3565
2299
4476
2594
1697
846
2642
2999
1122
1334
2228
703
3055
499
132
1007
226
3924
1941
569
2520
2548
3914
2701
184
4760
696
2278
44
9
409
1571
2043
4179
2725
2998
618
941
1906
3058
3453
3734
1595
49
5072
3597
2270
637
2478
1292
4684
2630
2654
4205
807
1903
1102
4305
1904
980
825
3503
3505
1453
3907
2198
182
3671
577
2880
2674
4267
4610
4903
431
1125
3439
2693
2368
4283
996
411
2032
3728
1123
3823
1461
187
3960
4204
4931
3991
3077
2691
3469
3876
3749
3631
1878
3641
576
4078
5019
3197
2767
3740
2305
3045
4842
5054
2342
1148
4437
771
2927
3904
4925
22
2148
4519
3278
3017
3518
292
4289
4405
427
4655
2250
4917
2907
2246
4006
4913
89
643
4949
2597
4236
3327
2527
2682
919
2294
1353
2736
4546
1568
1427
1830
3002
4031
2273
4590
4679
227
2723
3179
3492
4803
3711
2173
3404
4839
400
1031
3387
1664
4579
520
412
4743
3098
1209
3082
4312
3768
494
450
2019
1616
1301
515
1962
1512
681
2351
3643
4097
2057
1275
4311
2010
5023
5049
252
2437
1692
308
3616
1622
1055
2221
463
4439
1444
4214
2074
2360
4847
775
1560
3911
134
1854
4748
5081
2398
2358
198
3498
997
3637
2026
5112
2081
3329
619
3248
3872
2352
1028
2996
888
4367
2588
1138
5068
1015
1925
1476
1995
4980
2073
720
4445
2500
3263
3680
2843
575
1130
4490
3797
1326
962
2479
3520
4959
1040
2436
3748
1525
3716
3950
5044
2688
2811
567
917
1450
3918
3351
3210
557
4971
533
887
3985
4245
4503
3209
755
4369
1367
5097
594
3359
2951
3691
3629
416
2405
4929
2528
3934
616
4954
1723
4796
2512
4020
3166
1035
3940
5004
799
2916
2033
1757
1807
1342
788
2190
4704
1741
149
3420
2764
1457
1482
932
256
4632
1828
5079
88
3254
3011
3906
869
4383
2910
4011
2834
2945
2517
4384
4310
1979
1268
3599
4882
460
2971
3167
4609
1565
2269
4074
805
1047
3268
3708
1764
3384
486
437
1146
4461
1950
988
4608
4317
862
4630
4936
4845
230
1116
4824
4484
326
4270
4531
2587
1004
2476
578
4709
136
652
1927
4617
830
966
2020
212
2813
2936
3306
2488
4737
629
764
2302
2800
1137
4598
4783
232
172
3787
3051
1218
1685
2385
4749
1610
1479
1633
605
1591
4696
1216
3554
663
1221
4577
3874
2156
2850
359
2495
3457
3807
1397
4643
1341
1544
3378
4828
1241
1938
4218
2036
1410
4116
3588
2159
3674
3151
2076
4999
4526
4466
4346
4171
2899
3510
4428
4914
1118
64
2364
2460
4589
4765
254
2832
347
4127
3467
3959
3523
3713
1817
4121
3788
4581
3932
2948
3344
2745
1603
1065
1281
3700
1201
5031
1238
1430
4623
2237
3651
4029
697
1651
2227
4862
3349
4755
2052
3675
1396
804
3485
3678
1550
5060
2056
3944
3176
864
4449
4156
4496
4772
1856
4210
4320
3261
953
4998
3533
1644
1296
810
3865
3084
3656
4902
3303
792
342
3888
615
2940
2673
2240
3361
1106
1429
2508
4953
16
3422
1129
2894
4378
4209
3815
857
71
3925
268
1254
4413
3139
2685
20
244
666
1736
229
2455
4018
4967
518
1451
2454
1243
2433
2839
1604
1626
3786
4798
4331
12
2532
924
3493
2095
1836
311
4540
2447
1726
4163
243
2100
1036
3036
5105
4977
601
4543
1090
5041
1942
4128
786
4302
152
1314
551
3252
537
4923
4807
1393
4421
2643
3438
1109
1826
1499
2298
3010
3844
4530
2049
763
1439
3589
1222
3574
4435
258
1134
1964
3634
2646
4707
4811
3852
1463
220
2239
1002
4619
2591
3990
164
4525
876
2283
1020
2123
4702
4187
375
3365
1732
4786
1027
4988
1407
910
942
2855
2538
442
3573
4866
559
967
4532
451
552
1206
2255
2955
321
111
2944
693
1276
4239
3784
542
2031
3411
617
2252
1540
3954
779
93
1163
1508
2962
2341
2481
3956
4275
1141
1835
3825
1812
1008
1940
1637
3781
1715
4673
4065
1194
3035
3185
1965
4278
684
606
306
2075
923
2287
742
3741
4417
3270
2895
1874
3232
3079
2706
1300
2254
717
1126
2267
3460
1803
4522
2322
3296
3202
2249
4769
2194
4189
2041
3412
747
2374
428
1917
2797
4979
3549
4230
1030
4108
3230
2954
194
2253
2423
3795
4785
2933
5098
2886
5086
4117
1372
1608
438
1844
5116
3146
139
4250
200
1105
5124
4299
3316
2012
1307
4764
3682
4613
4835
858
2307
3546
2139
2809
3095
3400
4494
3512
4444
2981
900
5074
4124
3531
4366
3613
3403
2229
4040
2201
5096
2083
4810
3187
3288
943
1919
4535
4095
3381
4493
3586
2407
1502
2564
4356
429
4457
5117
4315
4656
3502
2845
2884
2909
51
2634
1025
2735
3459
817
1230
3782
3494
1716
3287
3922
496
4788
5014
4802
4419
385
4185
1609
1229
4700
3427
1135
3040
614
2904
1734
1867
206
2077
1208
859
2009
372
5051
1537
2988
4391
1348
1831
454
1910
3149
188
2572
2950
3313
3074
1187
3126
4876
2323
3905
360
2967
3575
3224
2814
8
2265
4019
3798
5055
4304
679
295
3374
710
1332
3892
558
3386
3915
2236
1375
2852
1113
657
4817
1395
4023
3783
4201
793
3054
257
1111
930
3275
2344
2494
842
2102
3800
3525
2055
854
1526
1425
3177
3930
1423
2838
4641
4963
3947
4784
4742
749
1192
4938
2480
4572
1438
1569
3447
730
3130
4477
3596
3092
4854
548
2309
2272
14
1388
3484
1958
4373
759
2131
2740
4253
528
1813
3935
3564
1293
5118
4256
714
4547
750
3917
4309
3572
1049
1819
1929
3578
2507
3857
4940
3276
1848
4586
1708
4262
1625
3813
4105
2547
3496
4495
5040
1779
921
2093
2823
1373
1576
1845
1800
68
993
4259
3721
2658
2420
3253
443
419
2766
1099
2718
2061
3838
1338
1415
2581
971
4517
4365
3395
1066
3508
1746
1522
2151
529
1224
2348
3245
4300
2326
5099
3441
1556
3583
4101
1089
2990
218
1377
4592
1666
4524
1797
3996
307
355
3567
4225
2380
3000
3134
4758
2161
4332
315
4251
2375
4806
3078
228
767
3219
3434
4869
3609
2186
3875
3041
4083
1788
3860
1016
5111
2555
4860
886
4545
4010
387
2166
674
2394
162
283
554
604
4080
4385
1989
3433
2192
893
2624
197
5119
4565
3750
5078
1709
99
472
3070
1770
422
1872
4061
5029
2854
1247
207
718
774
3443
3291
1068
3854
3255
177
2772
1140
2665
4338
4676
340
4186
1228
2565
1559
3364
4089
3368
237
3290
4932
3342
4693
3487
1907
2635
3855
998
85
2807
1470
3561
1266
3731
2669
1000
4634
1756
1551
1971
2584
3992
1392
691
2401
4044
3727
3963
1265
580
452
2399
1495
860
2979
2296
444
597
521
4637
1019
4292
3577
2193
591
165
3624
1267
1076
2044
190
2214
4088
4450
1433
3415
1166
790
4575
2518
3896
1364
4566
2785
2543
4520
3204
259
1219
916
1955
3979
2126
814
624
2496
4863
3890
3352
2728
3049
3620
1642
2615
2796
1472
2062
769
1344
1620
1805
4907
265
4249
3414
1711
635
1418
4470
2550
380
5027
2350
1037
2493
1361
4942
4927
1173
3726
10
3817
2209
3495
117
3809
2177
1960
3885
1183
379
4286
1315
2187
1029
2621
2757
734
4353
534
3901
4768
1606
863
3830
4706
3196
217
2578
238
4199
4047
1149
1988
3644
2072
530
2290
823
4975
3446
1815
3746
508
2202
373
2651
4193
1578
77
4079
2631
120
2974
3350
1612
1762
3221
1233
1905
2659
3393
417
776
4721
242
3933
3488
1530
3326
4570
3474
3563
455
4511
2124
2539
3528
1820
1891
1142
2467
2978
4263
5126
370
5013
4972
327
1447
4735
1092
4992
1882
2165
4814
2472
231
3840
1157
2395
4379
677
4255
4646
3863
167
1165
53
163
4409
4092
2319
3859
4423
2091
3539
1205
2090
1678
815
1973
2312
1091
17
1541
1928
504
104
3452
2633
935
2011
4644
2005
3729
3257
3968
471
1935
2042
2598
2700
3479
1506
2502
4934
607
362
3186
2586
2060
1549
1211
2040
2881
1182
3244
4686
3709
1527
822
1893
3681
1597
43
3593
3794
201
4451
4874
1405
3517
2844
4157
4335
2989
2558
3334
975
2783
4697
4184
3088
35
683
1842
994
1945
3704
3594
4654
3406
3153
2065
2611
3584
2110
3448
4717
3370
2949
1435
685
3240
4597
1234
5107
3044
1261
2605
2457
2220
1108
965
745
2822
2485
221
3606
2865
3218
3117
3730
1409
5033
1949
661
1951
4070
1538
832
2808
1691
3938
4687
2080
4388
2607
5101
4951
1584
4347
4939
2589
2788
4046
519
3555
4402
838
2612
1686
3733
3376
4352
1414
4594
4552
3184
1
4989
516
141
4689
3714
382
4264
4091
2510
2137
1961
4243
1553
2152
2191
1699
4219
3
2343
484
709
2021
423
4396
1892
2939
4167
4585
3912
1365
2574
1798
2719
2762
1924
1133
5032
2313
4714
1223
4314
2429
3458
816
2162
3068
1245
5069
1974
3536
2015
866
4483
789
2647
1464
2138
3377
495
195
1095
4905
1503
566
2314
4890
2354
3535
3445
1532
487
2180
4003
1190
3008
3308
5052
3282
1963
357
3607
2553
2860
202
2275
883
650
1038
1586
2483
1337
2610
1717
1237
5018
5076
699
1855
2841
2608
2750
1814
4858
2726
4064
3024
3048
2372
1714
587
2219
3346
3463
2791
3582
4757
4578
4740
3207
4766
1766
1589
3426
3995
1046
3203
1529
4583
1875
1665
1387
4945
3273
2732
3236
112
3029
954
626
3698
2551
3962
1694
2932
3101
4106
1648
2259
2919
2365
1911
2428
2504
2544
1171
1864
3464
1790
191
1596
1572
2196
4667
3450
3858
3299
4677
3663
1263
4420
4202
480
3416
4708
4395
873
555
1543
3920
3307
2529
3266
4252
155
4618
1402
3653
42
1528
632
1796
2448
3833
1554
4392
2677
3645
3174
2474
144
4221
4076
1640
2164
2310
4261
4427
1991
2204
1768
3451
4864
1101
3114
2763
3328
4242
2625
3677
3039
1939
3131
4731
4815
2818
999
3856
4207
4563
855
918
4770
4680
3652
2980
1014
4691
140
4478
2000
3601
2458
2087
4234
3440
2207
2179
736
371
376
4389
482
2522
406
2606
4510
612
1998
3471
1710
4104
1279
3604
219
2720
3047
4376
2664
2160
743
1386
3063
4855
4946
1570
958
2898
1064
599
4681
669
3401
2345
59
880
115
3544
1520
4397
4596
142
4472
5010
3294
4323
2377
3067
1783
1761
4488
5046
1199
1953
2132
3975
2024
2363
3559
564
2174
913
83
4377
5015
2575
4584
453
2540
4823
1158
3685
1659
4629
514
3188
1514
2883
872
3903
1719
1908
3587
3590
1587
969
2505
1871
1956
3886
1009
4521
4861
611
2471
2286
3086
656
2245
469
912
4781
3658
298
4358
1321
2366
3089
4947
4248
5095
58
2602
293
1143
3249
1401
4538
806
1256
4362
1191
1198
247
3192
1747
1339
1777
4528
1983
4386
1323
2094
1400
3399
4288
2817
479
2792
3004
405
4196
821
2459
1389
5022
1832
3639
4052
2851
3763
3159
1977
2418
336
3957
2070
1712
2079
2446
3099
2965
2585
447
1445
4955
4474
675
441
2533
2798
3689
4430
820
4100
3595
4820
1615
4658
4567
1227
2412
4564
4276
3803
2085
4616
3144
38
3898
2825
3390
1467
4739
2661
1801
1033
1729
680
2776
2047
2956
2819
4109
4404
158
335
2432
489
2937
4556
2260
571
2872
1289
2340
2325
1318
2088
2155
3661
3071
1843
1641
2413
562
3831
1346
3966
491
3121
2213
3534
1827
678
1378
2754
4131
4878
143
3701
3780
1634
180
1611
3699
1531
5109
2489
2400
4126
275
1347
4426
4825
3222
3062
1816
2321
2549
836
3499
3829
4729
3064
1235
236
2281
3161
3284
3265
3442
2891
1330
383
1104
721
3961
3805
2699
2197
1272
2195
154
1096
1083
704
168
991
5038
4665
4143
3827
4551
2238
4183
849
3310
1513
199
107
2806
1297
2556
4165
4066
3948
1787
127
1434
2347
3050
1232
4819
209
3454
3853
3753
5059
1901
4026
4780
716
3005
2524
1966
3113
4298
1887
2562
4789
1818
3553
4443
2243
389
2208
3842
4213
31
3560
5114
3662
488
3775
40
4372
689
282
2920
90
5115
4416
1728
4458
2629
169
959
1421
3612
186
4081
4557
3336
3110
3752
4612
3514
3331
2771
288
1980
4844
1176
665
4111
3861
5012
2039
3323
4408
2205
2264
2003
3921
215
1351
3919
4030
5092
2871
4836
3032
3383
1869
2986
2422
3804
4084
3635
3436
2882
241
3822
3976
922
223
938
456
1054
5042
4266
3556
3515
660
3325
32
687
3132
2425
3061
3304
4649
1494
2225
1207
1067
56
1078
1286
4489
3760
733
4602
98
3320
1150
4411
4763
1635
153
2449
3847
3106
1420
1897
2143
2355
3155
3353
2303
2576
1739
3115
2427
161
4114
856
3337
3437
563
47
1484
4038
4738
4614
2782
1984
4870
2397
2786
4809
1225
3895
852
2327
1006
3697
4134
622
87
651
3762
3846
3165
4813
4726
1839
3683
1501
5008
240
2577
3372
1862
4120
2320
4049
4280
746
2675
506
350
249
3258
931
1480
4507
3321
2912
608
1916
4875
54
1784
1753
905
2714
933
1743
1003
2452
1481
1990
1360
3765
3075
4228
2531
3083
4712
4287
2223
3785
1863
346
5036
2469
3527
1082
3128
4663
403
2931
1978
1822
225
2487
1114
865
5113
1655
1936
1731
3297
2905
1567
2737
2008
332
706
4793
3776
211
2953
949
3638
2241
3695
2987
4893
2660
867
948
4473
3942
2293
4424
1448
753
2466
1707
289
1802
299
712
4050
1167
4140
369
565
18
1442
4122
2172
4138
2992
3481
4840
4502
740
1298
973
3391
4669
2970
2113
2968
4398
5125
584
4222
782
3286
4325
294
2324
744
1331
4775
4725
2666
1005
1599
1345
1343
3945
435
2417
3208
3053
4675
3043
4497
4744
535
2475
4833
824
1188
4978
462
1412
4284
2901
2492
464
3172
4349
2680
1841
2761
3742
3235
2733
328
4149
3647
899
613
1621
1382
2741
4254
833
2885
2870
4082
1614
2859
1061
3225
1131
3792
4685
5026
2046
255
1970
3923
1333
4005
4119
3667
2318
2683
2096
2119
985
1647
1303
246
4960
3080
4460
3843
2593
5000
2473
784
2291
653
273
2829
3936
352
341
338
4872
1750
3640
1507
4436
278
214
3262
4141
1751
3507
3623
1972
2709
2600
2943
1325
2824
2566
1861
2022
3142
4374
1441
213
1195
3802
3444
3953
4099
1552
3059
2277
1811
2721
459
2816
1580
2613
1357
3133
1485
649
2571
2084
3758
348
939
80
2106
4892
510
1952
3014
267
3926
4529
2069
517
4319
425
2753
1075
676
925
1399
4582
2582
3864
1466
4601
3801
1250
1930
1534
2636
1249
3636
2105
3772
4991
4469
3893
934
5064
2329
3931
1294
1419
1922
3140
3845
1456
4722
907
4922
843
1600
320
3832
3761
1079
638
4509
4455
2795
3880
1631
33
1153
3882
3357
4032
1653
1411
2435
4867
4728
2244
3293
2168
2503
3851
354
2662
1658
4973
525
4361
920
4974
2017
3541
4857
4418
1607
5065
3929
3777
1431
1898
2569
4093
2563
1752
2805
4480
3397
787
110
2054
3977
3751
3028
3066
1899
4919
1632
3241
13
1072
5123
122
3375
950
668
4756
2656
2622
3105
1672
1308
1214
3242
3356
3500
4887
4568
2306
4401
4906
4180
461
2903
1993
2628
4001
3319
313
1369
2406
3103
173
3073
3060
1792
658
3511
4285
2914
2441
4587
1636
1881
3522
2535
2976
4504
4591
3703
1462
1290
2760
4008
1189
3489
4571
2133
2464
439
3269
3826
1619
524
598
4014
4753
2157
3212
2887
2189
4918
523
1674
5088
4672
4268
944
983
1473
1547
1859
589
896
1504
630
2815
1870
2297
713
891
2333
2301
4884
3988
3148
3766
3738
55
3993
3965
2542
5075
2671
3821
2013
4832
421
3466
2595
2465
4433
279
4012
1748
407
1327
3670
330
765
1280
3835
1270
4103
3497
15
1981
1602
1100
351
1846
4462
4308
4294
2626
1687
3558
151
3756
388
3687
2251
1044
3983
5071
1077
4216
4130
3873
138
1823
1051
2066
39
4720
3705
4441
3526
4442
1706
1996
1202
305
3867
585
723
2288
4272
4324
2014
1588
2857
766
3951
3673
4467
4777
4636
3793
3234
1172
3193
2670
3810
3424
4921
5007
156
3238
3828
1437
781
819
1774
1546
4057
103
2370
4169
1521
1775
1994
1725
785
2514
2560
4778
4916
3038
3978
2411
445
96
2960
3314
1406
448
4456
2206
4468
2667
4198
4993
3081
1889
2037
2765
57
2866
509
4541
2803
1273
2284
4767
1918
3233
1744
2921
478
2840
204
4908
4237
813
2804
2592
2426
659
2684
2295
701
1168
3571
4094
1446
1371
3468
276
2078
2282
4393
1291
4838
4653
4846
4843
3849
4812
1155
642
3694
4123
3894
1213
78
4067
2108
4604
1310
1937
827
1771
914
4682
992
434
1742
812
3256
4834
2710
1424
3333
768
1355
418
290
3579
4873
5034
1496
646
1833
1914
386
2337
644
1288
4350
2315
623
4412
1720
4301
457
956
4889
4660
3022
2623
4650
1516
4736
794
1295
2874
3972
3347
397
2392
2451
2404
174
3311
4231
2759
4588
75
2897
1487
2175
1385
2846
4145
2774
1894
731
2486
3980
3340
4856
81
4710
1196
3964
574
3178
269
1010
2911
2516
3820
3026
2025
4779
1593
762
4920
381
4560
4400
135
440
1170
760
1668
2051
3409
1558
1912
4926
4160
3504
3552
205
2657
2926
1121
3927
2001
239
3413
2668
3779
3770
707
1517
4144
2590
903
5021
1789
3834
4996
3530
2271
5080
4403
3710
4110
116
4182
4661
82
3206
2163
586
2231
1358
394
4652
4007
1186
4329
3600
4683
2136
3580
65
3879
2717
1573
2915
2957
1539
1860
1795
1834
130
41
4102
945
3605
470
2609
2158
449
4414
1164
2235
3315
5043
4387
2183
3562
2853
1581
4491
2232
2769
1738
69
2279
5082
4791
2311
492
1258
3324
2941
1260
4912
4168
801
1394
3001
1535
3137
2089
1724
2734
2369
1259
3348
4537
2276
2371
2573
951
5094
4750
3490
1837
3013
654
647
3012
3592
2256
281
1185
3717
3065
4851
4692
772
3808
1799
4339
1933
2498
2443
972
4600
3747
3085
4341
1282
4762
3598
963
1575
1772
3548
476
851
4220
3981
3862
3576
1492
2379
3163
4924
1808
898
1240
414
4425
1151
4453
2863
3407
5030
4713
4703
2006
4073
4464
3147
3630
1063
3423
3759
2963
4625
5070
21
3702
890
2698
3478
2632
365
1793
384
3569
129
1257
1097
1277
1758
2678
3305
877
3122
4841
1646
1144
1574
4344
3608
946
481
4821
1968
1613
929
3870
3715
2596
2332
809
48
2601
5110
4801
3679
5011
1630
1780
4787
4486
2280
2004
3318
159
2336
2357
2222
1948
3614
4115
556
4548
1643
1071
818
329
540
2419
2704
3952
4549
3790
4995
984
5050
3389
2653
5077
1200
3899
1119
5016
1605
1477
2930
2716
145
2695
4640
4968
3421
2715
2557
2747
3125
1127
1959
1628
3189
2135
4751
363
1681
4800
1468
2242
4776
4818
4203
3814
1594
2707
2150
5024
1563
831
3195
2893
2827
1220
4848
2176
224
1645
3812
102
1032
1850
1154
2831
1253
4782
798
4690
4886
3725
926
312
841
1592
505
927
3016
3006
4086
4506
1992
2946
3566
1383
3388
1649
3341
2526
1023
1638
2490
3869
3031
3419
4879
4774
3618
2856
3338
3392
1946
4155
2378
392
2913
3343
2842
2308
2875
4904
4238
1809
1975
433
1876
424
1212
1354
3260
1900
1413
3277
3096
5006
2038
74
2679
2830
1673
901
4794
2266
4274
4146
2787
4459
1498
1890
2521
4463
3251
1760
3910
3056
4148
2098
3712
791
2167
625
92
4595
4330
2482
539
4621
4322
430
500
1548
3046
3755
2672
280
1639
3191
2154
4021
1623
4337
3897
4297
4962
3201
1931
795
4051
3973
987
408
5002
3806
4135
3486
356
2456
2959
1203
3455
128
3611
334
4719
4363
4027
4048
1545
2497
2200
364
1868
1682
885
2181
1561
3664
4705
147
4291
5121
4826
2391
1926
1197
29
3280
2499
274
3069
3138
844
3543
3684
2820
1169
318
477
3739
881
4072
4958
3955
4136
3627
3102
4620
2361
5005
2170
2525
4368
3112
2523
4580
1650
2692
3719
4961
1598
4894
73
1713
1700
2799
1285
970
2900
2973
673
5104
4554
4452
3529
1426
895
377
185
3432
3799
2681
4382
2058
4805
2858
1866
2346
1103
3136
4002
4247
1888
4822
3171
3997
4561
796
5063
3969
3396
2511
892
3619
1018
4896
4997
2583
3385
4360
333
3891
4075
4024
2862
845
957
4407
148
