Cell
5106
520
1209
3653
1075
552
2484
1260
2441
988
2937
3022
1681
191
3249
2941
3957
2395
3576
4876
4158
4845
2092
131
2412
4552
2014
430
4601
4046
2693
791
4783
557
944
4645
3063
2537
373
1284
4535
4578
2318
5044
2622
157
4871
2582
2079
1332
3312
1395
1596
2199
4942
630
755
2950
53
4926
1696
3405
4220
278
549
390
2447
1686
344
1942
1122
2433
780
1758
1385
4398
2470
215
2544
1799
497
2496
2936
2182
1494
2981
71
3085
3188
4684
2218
1665
2552
4955
1303
2380
4777
522
834
4745
983
3744
2159
3715
2235
1038
1852
2701
3763
1645
1750
1140
3482
771
874
4014
4968
2487
2583
3448
458
3032
651
4788
1336
4882
3878
4536
239
3074
1795
4908
5118
5032
2359
2653
1211
446
869
1713
3011
3845
4466
4550
1521
3245
1921
4998
4138
4271
3647
1428
1973
1016
4393
4517
1639
4074
2471
2519
3759
2151
3259
3665
425
878
1783
5100
1015
4130
2663
232
3381
1025
930
5087
3264
3591
1555
4539
4966
3549
4267
2188
4110
1730
3433
1761
1067
296
4493
1544
404
3805
3201
1670
2815
3115
1527
2865
4057
576
512
3240
1468
2804
3358
3926
3507
731
4913
2377
1118
3932
1176
3609
529
3270
18
4160
3792
1040
1465
124
794
3618
688
3835
3757
4117
795
1408
3029
3631
4803
3761
1089
1827
1740
4473
4021
3401
2370
3005
3829
1865
1824
1071
4797
5124
2001
1906
4506
52
4659
828
4799
1181
3253
1879
1609
50
1788
2875
4298
3486
321
3683
2053
2288
4741
3723
3438
1036
3338
2563
1269
2661
1234
2626
93
3643
1959
648
3421
714
1208
1207
3182
2879
3745
1186
1304
4270
2461
4263
1422
3813
3248
3615
4682
4447
4105
4143
3320
3921
1571
3477
2990
1506
3969
4061
2602
798
4827
2255
4452
3802
3830
1035
2893
3751
2367
3399
2593
4632
1413
4084
2696
2799
13
3663
3443
4784
1163
3171
4858
4080
12
2897
4417
84
3753
4412
1838
3289
4921
4993
4077
401
2816
198
4461
760
1382
2118
2606
4112
4222
562
2201
1712
4841
934
4630
2705
2058
489
877
4233
2805
1792
781
1969
1425
2975
468
4424
1423
354
1454
269
3973
4338
4886
797
1489
402
1498
4999
3473
1604
3122
876
4700
3596
2992
226
1056
1739
40
4872
4396
3863
1337
4528
827
4620
1482
5042
3552
777
4038
3612
2684
1380
1279
4165
2469
3496
525
4588
4330
1602
1041
2397
5091
1017
311
4465
2732
4188
2715
1358
2762
3420
4912
1975
3531
4576
4778
668
4361
720
2586
1661
1707
3796
417
4889
753
3881
3310
2616
723
4387
165
240
1617
3913
4555
2446
2086
1092
4851
4738
2296
3695
3146
2818
3118
3039
4047
4584
2237
4810
750
2898
249
4426
4920
2319
2964
229
1173
5081
2163
450
1188
3843
76
2228
764
3015
1995
2094
553
556
1640
1012
4136
4587
550
1248
4769
2357
107
1972
4521
1123
2795
2792
4757
1748
838
233
178
2062
5058
1918
2132
4842
3111
1920
1081
3459
4763
4729
2741
1729
465
294
3693
514
4448
1755
5122
4147
858
2901
5068
1009
2857
4544
1546
3130
1869
3808
691
4455
2110
3716
3430
2634
1246
4414
1933
978
4
4531
1293
4543
3684
787
2392
1637
4864
2282
252
611
362
387
3093
4358
4309
560
3590
1065
3920
2164
3879
1103
1030
228
436
1394
3588
2789
3741
4835
943
4715
3150
3853
2587
717
238
126
2247
234
2996
3437
4551
5101
4283
3160
4524
2609
3568
914
3068
1574
544
4686
4703
287
1179
4722
5046
1368
2351
4768
2476
374
2060
3823
2353
3090
4962
4193
3516
3994
1941
3052
3995
580
1475
4016
1984
631
2348
342
1530
2784
4896
4664
4789
3686
2137
475
2139
476
5107
1018
3219
2369
518
4419
1832
1386
2639
2772
3787
1007
3273
3760
3037
5030
4973
712
3641
1344
2735
1722
4116
801
1970
3374
2421
1658
1633
2884
1391
3911
2308
3456
4273
2844
1518
2919
4545
2239
995
5055
1371
1830
77
4071
4677
1649
4004
1197
435
39
4838
3824
2406
4869
1291
346
695
1316
1909
5113
679
1538
4939
3048
859
4975
3387
1710
2220
104
2071
1244
3062
2613
3236
4135
1004
1399
3143
3654
4540
3754
3378
692
1772
2027
3885
3494
2829
4634
3436
599
137
3834
2691
4572
646
866
2569
2811
1950
3874
1467
393
2372
2555
2803
677
3027
1121
2561
3826
2243
1177
214
4002
197
3075
1622
617
1440
880
1801
2769
805
3962
4125
1846
3897
1061
3537
908
3053
1280
316
2037
4118
1299
1194
4548
1700
4653
3875
5006
1816
816
4319
