Cell
5106
907
3419
4100
713
110
3371
4865
796
3577
3479
1843
2839
4425
3706
3418
2402
439
5001
4428
4367
3303
830
2181
2049
3468
1560
683
3821
3322
4076
1953
5095
949
1935
1483
607
3187
4716
123
1297
3081
894
2160
2256
503
2091
2310
386
3717
2101
204
378
3927
2646
5004
2930
3832
2479
1377
506
4023
62
4067
1880
3785
2047
4347
2623
3315
2320
4712
1418
4618
1133
2004
955
2138
341
3284
2940
1353
1076
3295
3662
1711
3112
1182
2781
3086
1962
211
438
134
4152
424
2538
1410
960
3522
3541
3333
151
5028
4781
4951
554
3681
4018
2968
357
1172
3120
3954
3917
1577
4487
4834
2458
1095
5086
2630
5
1765
23
1402
4094
2364
1818
399
766
3406
3323
2994
2231
4764
2869
2925
4665
3268
1187
3260
799
4825
3972
4798
1732
3008
1800
2720
172
276
2912
3696
2305
2312
3691
3564
2822
2187
1341
615
1365
1850
3465
469
1323
1589
4491
85
4144
1971
606
2042
1760
206
3931
591
3196
4300
4549
4243
2998
2196
4049
3441
4225
4251
4857
3855
3713
1480
130
4287
2157
3626
4228
3614
3583
4087
2541
1836
511
2876
4936
1890
1277
4957
4504
47
911
3299
2530
4223
1401
2046
5038
290
3409
2628
1923
336
3584
3004
2453
2424
1608
4301
2074
1159
1308
2845
2903
954
16
2486
3352
350
3702
2468
1456
3386
3795
2908
2575
701
3765
4339
1165
3768
1642
340
4725
2662
1117
1821
255
980
4203
196
3502
411
1301
3582
293
2525
1774
33
1247
472
118
2576
2605
1872
1198
2657
4995
4830
1789
517
3157
1388
2885
3089
2499
2819
4286
3558
2259
1595
2385
2284
457
3210
3458
3714
1932
3117
844
10
449
3092
4906
2056
3963
2548
414
2493
5008
1414
1347
1629
821
4953
670
4849
4366
4187
4946
3862
2611
2913
3262
2500
2832
2007
4382
1161
116
2921
2814
1529
2568
5085
4660
4182
1108
2547
531
2786
199
3907
1741
862
974
2044
3278
4451
1162
2928
1650
4844
2506
5103
1862
4340
605
2553
1262
4935
4512
1655
462
2456
2214
3
1317
540
539
5029
1849
111
1925
3359
2867
1251
2365
800
1861
4801
655
2849
3943
1441
1477
5075
1357
205
3810
513
4997
3030
4616
5083
4427
1603
2777
2166
2736
3266
1576
2859
2924
4431
1389
2250
656
2373
2564
426
902
1809
699
2615
1153
4905
3116
3816
3417
5015
568
976
4091
1276
3650
3241
3207
898
4612
4829
1438
3351
3422
4624
2162
352
4272
1583
1516
868
2892
330
4457
58
601
4202
1383
1877
2864
56
3148
403
3900
4092
4983
3447
3755
515
4081
283
1174
1623
901
3450
1581
3784
826
3831
3987
1957
4974
451
1812
1512
1878
3514
3724
942
2601
2598
5105
1268
2261
4492
510
4249
792
5041
5126
4625
3623
4418
1405
1384
4910
4437
1215
2604
1031
4743
2356
569
5035
4650
4534
1261
742
195
74
2972
4959
1493
326
705
1503
4641
3234
3852
891
899
2675
3740
4489
3951
139
4317
1919
2193
4299
4564
54
3476
4839
4420
663
1553
3608
453
1960
4640
2227
2922
1361
1296
2054
4463
3193
584
2625
3985
2560
2719
3565
4794
4965
1726
3244
941
1606
5084
2442
447
2878
3024
2599
4828
3110
660
2465
1501
2419
4567
3525
1101
2033
1473
4565
4199
2270
2077
1756
117
4753
887
3899
347
2307
4291
4603
2420
3454
2761
3546
4608
2153
333
4673
4256
678
4902
1373
3499
4472
41
2770
3432
575
3491
2667
4410
4401
3892
977
2036
408
3993
4719
3637
1156
3919
2708
1593
2248
3689
4446
2034
136
2718
803
1769
2401
1937
3363
1654
1853
1136
2005
4982
581
4467
1154
2698
2223
4113
1213
4216
4348
893
4522
2826
3263
1204
961
3504
273
4963
1533
1168
4507
383
4532
2055
2676
3410
174
2104
3725
38
1462
4674
3539
2011
3876
2277
2853
1024
2956
1396
1397
2021
3882
4930
1600
4148
4854
533
2078
622
5079
2298
3375
1212
1947
658
3258
4977
2597
734
3799
1134
3064
2889
3138
4740
609
845
807
998
1466
3818
3750
3311
4615
4359
4688
2787
1944
2566
5117
3452
3439
3571
1599
4728
640
2304
3893
1411
444
1678
1545
2840
2654
5089
1363
1578
4690
3274
4637
2069
3353
528
2314
2809
292
4224
4511
3344
639
3235
3648
4895
2415
1611
1223
4266
3329
1874
3199
3639
981
4776
1285
3839
3890
431
1463
5115
4107
1217
2301
2444
4371
1766
2515
4167
3556
237
3854
3257
2680
2083
3527
372
1558
3743
4840
1859
4503
4315
1938
2269
1876
3006
3676
2347
318
1001
4483
504
2275
