Cell
5106
3490
671
770
2068
1724
3137
1791
2448
5007
2013
4213
2915
4779
987
2192
4870
275
2254
3627
4102
4904
1715
578
3287
2229
1045
3790
4956
2371
1888
744
3114
1255
835
1945
3356
4229
2894
4172
2154
4734
1436
144
1692
4885
4909
3141
832
3978
1149
676
3435
895
2238
4313
1854
286
427
3837
650
4436
4523
1796
2652
2041
106
3850
3271
2834
4892
3144
1886
2478
2258
1229
2873
1778
1264
1322
1899
806
4322
3983
4817
3077
4593
3952
3728
327
542
4206
1032
1790
2294
267
3106
1034
1145
2961
973
849
203
2098
3619
4312
1292
170
2969
2989
850
530
2779
422
3814
4570
948
2516
4065
4390
122
706
2763
4561
351
1471
2743
661
3595
412
1648
3941
1125
2108
1228
3960
1478
4846
2200
2407
2659
842
1548
4032
2473
4610
4415
1175
1784
3331
492
4406
2868
1404
3503
2436
3607
2426
3119
158
313
5010
3936
4972
1651
3585
442
2194
2210
1992
852
3279
737
4250
1881
4925
3175
3140
4434
1083
2999
1525
3487
4254
2871
1486
2791
3720
443
1495
4787
3177
4989
940
2457
19
1079
142
3471
1934
3497
4761
2535
5099
993
2467
3964
2219
4411
176
1329
207
3709
4324
822
4755
3185
5121
1803
2692
2511
2636
4694
4887
710
3164
4185
1282
2556
4546
2045
2490
2977
5114
2491
4169
358
736
2758
3613
3472
3840
1802
154
3956
4089
80
767
14
433
3012
1520
4537
1690
1249
218
246
490
571
268
3155
1447
445
1111
1620
4772
183
1381
3974
853
312
477
1191
3934
1294
4378
627
1106
915
969
3319
3391
485
115
4252
152
46
2674
3480
5080
2035
1905
4597
4204
909
2358
4184
1241
3179
34
222
3298
3520
1487
1008
2558
2274
4214
3041
4166
2043
2087
579
4702
145
3349
190
2345
2650
848
716
3357
3218
1013
751
3021
4237
975
261
2902
3719
886
3730
4644
3710
73
4759
2910
3762
4611
4806
1180
3411
4329
5031
4247
3328
48
563
2916
3232
3946
933
4675
187
133
4770
1142
3272
3009
992
4811
1166
3501
1728
2551
1426
3581
2302
812
2105
4824
2651
982
1312
4681
1010
2861
2643
108
1048
2542
4389
3794
2855
3372
310
366
1484
5051
3589
2117
2638
4733
2191
1221
966
495
1513
2286
2279
945
1961
1320
4927
3128
68
1847
904
4569
3938
479
4655
4006
1763
920
1339
2451
334
2887
2400
3781
473
4051
1978
4723
3788
3944
2326
3070
3251
2774
1233
3132
2948
498
4332
3326
1496
573
339
4262
4721
1043
4066
3044
160
1216
4258
3557
4408
3515
1563
946
4440
1855
855
2155
3161
2022
5070
1768
892
4140
260
3252
1416
4514
577
1443
2177
389
4149
4670
2694
2716
405
2584
2624
1472
1451
209
2577
4302
2180
3906
5082
2285
912
1005
657
308
567
1327
2492
3407
4823
2759
2198
896
1364
2362
4198
4683
1981
3327
1736
231
926
3389
3066
3819
4595
230
3159
2374
3131
1214
1930
24
225
496
4579
532
4409
4495
756
3186
1709
2808
3382
613
1794
3680
3442
5066
1272
603
4157
89
778
999
3209
2052
428
1082
2010
1342
1714
2570
958
3511
4363
4720
2513
1743
3812
1074
64
11
682
37
2324
1573
3211
2306
4379
3996
4863
3887
3836
991
3846
4497
2355
4244
5112
407
2824
1689
96
1167
3321
434
1130
2683
610
903
2860
2974
921
1178
1415
2349
4477
4919
636
3050
4328
35
331
129
1997
371
153
2773
29
3984
4385
4791
181
2195
702
2923
1324
3611
4502
3620
3553
3003
2100
25
3466
4710
594
1594
1884
775
3197
4134
759
2671
1965
4847
598
4368
4123
241
3225
3076
574
2253
3056
4657
3569
4442
2793
3449
3847
3461
1911
2246
5110
2240
135
2798
3294
2330
1582
244
559
633
685
3864
2946
4649
4082
1039
4471
4529
2888
2268
1764
2695
2899
474
4754
3134
3666
2596
824
1330
3692
2158
4635
1236
4658
967
3833
259
4109
2020
415
1157
1610
4678
2678
953
2450
4617
4445
597
4331
1951
3534
4268
1569
2501
471
1190
2185
2648
2423
1508
785
1100
1491
2425
49
2943
81
1171
1259
2128
184
4679
534
75
4744
169
2171
3857
754
1507
3069
216
3898
647
4090
2963
2957
669
4303
3603
2768
2316
3330
4604
4990
4750
1138
1295
4580
3339
186
2136
194
3652
4097
1987
1290
1798
990
2726
925
3828
4350
1345
4903
1325
687
3301
4756
3505
3462
2119
2059
376
3293
3988
2311
55
4607
1868
951
1664
1427
2126
3776
5056
2939
2960
4120
3019
2942
3659
1256
4958
831
1554
3425
