Cell
5106
3145
4680
2336
3905
3674
1717
1754
2040
2900
2976
2983
3057
4934
1814
4121
2776
2031
1127
4356
2540
3028
3806
4177
565
1226
3152
1737
3325
1929
2658
4669
1220
3586
1892
1810
220
1598
210
1983
3362
3058
368
3593
1063
1781
2172
3598
3817
4474
690
659
2970
4402
1199
3342
467
4449
2863
1370
2973
1615
1900
4048
4691
825
4685
1407
4297
3554
3172
4559
3242
1183
2462
4248
1901
2909
1619
2985
1006
5096
2460
4969
4623
1894
1014
3133
1090
5013
2508
3791
2488
1963
3059
3318
1539
1517
2236
2030
5069
4800
4008
3530
2612
2567
3084
1857
4826
2209
1105
4320
167
3413
724
2953
87
3616
2343
1974
4980
2681
379
4986
1613
2905
1663
2309
3668
166
1000
1266
2422
5123
4948
1771
4867
5098
1054
5059
1360
3606
4911
3640
5050
2361
537
3228
3949
1485
4978
2932
4377
1813
4375
3965
4661
3282
1588
696
2895
3948
1668
243
3517
2712
3827
2927
2872
3404
2891
1306
675
335
4874
1612
3578
1430
1350
937
201
3103
3042
1206
3786
1752
2095
2618
3350
788
4030
881
1532
3348
2016
4941
808
2273
1907
3536
2480
527
743
1152
1526
5005
1682
1708
624
4494
4450
4819
2064
1735
3561
3127
4128
4642
3651
3658
3360
4636
4115
3804
2594
789
3851
1634
200
4614
4600
140
2896
1536
1585
672
2962
2429
916
3043
5047
1019
1567
1537
27
614
4562
3902
3099
2391
1580
3151
1716
2707
4724
1077
3861
1873
2980
4044
4095
922
4292
4566
1131
2017
851
2050
2089
1653
3669
2656
4404
5045
693
3928
4639
282
4746
2352
4917
2186
112
4351
120
4232
833
2242
391
4950
2851
3544
3529
2988
2019
3013
4992
4104
1568
4891
69
2114
253
1586
885
4020
3332
4376
2600
1968
3126
1822
3215
2982
2124
1675
2292
3121
4970
3635
3189
2938
4856
3904
448
4405
70
5020
4577
3192
4581
3624
4003
1757
0
2862
2682
2023
1250
884
3500
2260
1996
4036
5027
3738
1020
3656
1476
4294
3925
722
2299
1333
2383
3025
2293
4556
3587
3567
1270
2580
652
3324
4737
2679
3990
586
4785
114
4391
4264
1286
2341
1601
4388
3427
3950
4633
416
3354
2498
4751
2672
1721
3533
4736
5127
1687
3628
384
1359
3700
4281
2517
2527
3860
163
364
2048
1029
1837
3208
4809
2075
2952
551
4706
2272
2589
2245
4012
994
1638
3712
2700
1455
1492
4760
1674
4441
3334
923
1104
4748
1470
3572
928
3979
790
2543
2685
3101
4430
365
4852
3202
879
3809
1091
3416
3224
2278
1552
3483
1224
92
932
2610
1072
4762
4261
927
3195
4183
4718
20
4672
3457
4609
482
2629
328
4952
4666
3955
1811
59
4210
3105
369
3481
3388
4629
972
819
2003
645
5090
2249
3859
3548
248
1991
2817
4171
1815
1288
2633
2413
3129
2823
1321
3597
4780
621
3528
1240
1230
173
4832
2783
4631
3644
4040
4656
1113
837
2621
2806
4961
28
3508
4180
929
632
749
4304
1727
2482
1931
3924
236
1676
3275
2280
4709
996
3914
2113
628
2935
2418
1027
608
4422
3594
2073
2785
1618
2532
2831
3254
3288
1287
5076
4242
984
2665
1845
2335
1635
3365
1870
3664
1231
423
4932
4480
1309
846
4027
3125
3563
2057
3550
3368
3872
4773
3701
4594
3470
1936
2794
1782
1419
1834
99
4652
2813
1550
689
421
680
2838
4335
864
3178
823
4796
2802
2870
1147
1446
4732
2837
4924
4145
1452
1218
3910
1607
1871
5108
305
2443
4605
2481
440
4883
3000
4253
3780
1922
2065
3512
4573
500
4397
917
31
338
2669
2264
4103
1490
634
4643
3073
3380
2325
2854
2350
1616
4775
1863
1893
2337
2529
3478
2971
2510
4931
3488
3139
3580
2740
3540
3335
3485
2754
1643
3916
2827
3446
1257
36
2608
4613
2197
4894
2890
1889
3575
4231
810
1684
3797
1042
815
1238
1916
4357
2207
298
2852
1904
3292
2295
4278
3280
4855
4792
2485
2018
1566
388
4462
2271
1442
1354
667
2858
3838
3858
4230
4767
2775
2000
3803
3347
1379
3811
3670
2322
3841
2143
698
4383
4574
4407
1542
1366
1966
1200
4126
4541
1097
4627
2539
324
452
1050
889
2807
1062
1302
4484
2917
2507
847
3758
1437
746
3815
1985
3634
2495
306
3704
121
2205
329
3991
5094
2184
802
1519
2251
818
3467
4238
1948
4960
1417
3748
3545
4668
4530
1146
3403
156
3346
2379
4538
4362
3559
4765
4310
3727
180
1657
4178
3426
1435
2588
2328
3947
1195
1912
986
4599
4011
5002
4029
2025
919
4575
2173
839
3040
4343
931
3820
1777
1335
2102
4342
3055
2175
4596
