Cell
5106
3733
5009
1158
4692
1630
3601
2170
4344
558
3707
101
22
2472
1540
3562
4479
2368
936
4444
1864
3337
4707
17
44
882
3798
2760
5111
3087
394
2881
320
1776
501
989
730
299
3661
2549
521
2877
161
2090
4186
666
4923
1445
21
4916
1046
3698
4373
733
1848
3408
3997
4553
90
3731
171
4771
4337
1742
4323
4289
2338
168
4432
4822
3901
2995
3265
2428
4114
1453
464
5014
526
1672
3267
1348
3176
1875
772
4159
2346
1369
1109
212
1298
2573
4866
2557
2109
2375
1767
2449
1804
2290
1691
381
9
3849
125
793
1362
3373
3095
3871
3739
964
4453
1511
1807
1346
2906
1641
555
4591
3888
2015
873
2435
103
1412
60
957
3800
3291
4276
3429
1355
3463
2051
5071
3283
3440
3165
3524
4137
4816
3622
3026
1509
2545
2767
2607
3493
545
4984
1044
4327
4476
3922
3542
3108
1541
4454
1192
4314
1310
2591
3672
1202
769
3783
466
4285
3894
3742
2466
1066
1003
2536
2546
3986
3072
1773
2904
3793
4971
4807
3495
5053
2394
4988
3937
1273
590
721
323
2398
2866
2244
3212
2797
4088
224
3167
5034
455
4843
98
4699
817
4459
718
910
5078
538
5067
3153
2323
4590
182
509
587
1331
1055
516
32
4423
1910
1646
4592
1237
1913
2933
3047
3673
3848
2190
2038
4334
3980
836
3035
1808
4805
2226
1990
1433
3908
3915
3510
860
3736
2706
1326
535
4372
2747
4005
2579
3942
4024
1116
3136
4907
649
2483
1049
1856
2690
2366
1556
460
4219
280
3376
2382
2176
4305
88
1627
1432
3261
454
875
4349
1305
1340
487
3017
2520
1632
938
51
2987
367
2215
2820
2202
1239
3935
2283
2174
4586
3170
2399
2765
3400
1352
1559
4386
935
2595
2477
4150
3226
2002
1406
782
113
345
2841
4072
1994
3687
2313
1753
1164
2578
1252
4403
3455
3732
4119
5065
3281
2880
2339
2331
3939
959
1137
1999
4520
3538
3801
829
3255
508
2344
2812
3308
360
4991
2405
3976
4981
3367
4399
747
3147
2252
3300
4083
4696
813
456
3708
1572
2230
4758
3770
3526
2668
3779
3304
242
1119
2993
1481
1624
2233
2291
3778
3877
1047
4156
3518
3933
1535
4527
2778
3370
1543
3229
4468
4879
2728
3341
3775
499
3513
809
1858
4364
1591
400
1731
1628
2333
2929
3036
4509
406
2267
3896
1464
1528
395
4381
488
2321
3392
3605
2635
4853
1656
543
3677
1547
3345
1986
1723
4571
5074
4526
274
4705
2979
2464
4782
3771
1458
1891
3772
644
4833
3945
763
3049
4146
1141
4236
4813
1184
3737
3453
2432
3721
3398
4001
193
3033
1393
254
4019
2489
2080
1720
297
4818
2603
3434
4795
2085
4127
4985
4859
625
3629
3083
5097
1993
2755
2931
4392
4217
1424
3010
2208
2642
1242
2978
861
1160
4713
1078
3703
4380
349
4731
5017
83
1590
1148
5049
1952
3645
4557
149
3184
856
2287
8
3166
3705
2
1842
4131
2221
3163
5109
5022
1351
1882
3314
4533
1926
1450
2945
221
4275
315
2750
3880
2800
4288
1033
4742
1770
4878
3214
4400
1575
1980
3190
4325
3290
2427
2518
3498
4747
281
370
4598
3543
146
3377
2991
4155
3992
1448
4124
1927
4739
143
3464
2503
150
3415
3782
3968
5018
3046
3383
2032
1977
128
4255
86
2262
1278
162
740
1469
2463
1378
4306
1939
3038
704
2028
3369
1621
4717
5048
1444
2533
4458
4884
776
3961
4802
1196
3361
4547
217
653
2848
1022
2257
2825
1457
1979
432
1372
765
1702
4009
3989
2026
2828
890
638
4050
3883
3667
3918
619
4218
3884
1522
3625
4078
3297
3385
5057
2123
258
1725
2585
1887
2655
1243
1734
1120
4900
100
3002
3173
1460
3469
3313
1002
1387
662
4355
2148
4079
618
486
4151
3679
2524
2745
1694
3018
2565
1374
1392
616
4346
1300
4831
4602
2944
1549
1956
1780
2534
2737
4667
3909
4954
566
2012
1201
2300
4701
854
1099
1835
1311
2455
4585
561
4542
1023
1883
1797
4054
5043
2409
4201
3523
3766
478
684
4648
3071
2411
4850
4516
3250
1825
4073
2509
2097
3560
3001
3604
470
419
2088
1028
5037
2452
3379
461
541
5025
1831
2709
2211
505
3570
2790
4726
3088
1976
4560
570
355
4821
3222
3444
1514
3286
4689
491
3390
3734
3940
2843
1706
1210
4793
1597
1
219
3343
2666
141
637
3016
3393
2780
3054
2523
1998
4370
3230
65
2951
2334
2574
1605
1129
