Cell	Parent
0	-1
1511	0
4507	1511
3550	4507
3361	3550
106	3361
2621	106
3673	2621
2734	3673
2573	2734
327	2573
2846	327
3019	2846
4336	3019
3241	4336
385	3241
1499	385
3345	1499
2781	3345
2172	2781
682	2172
1484	682
4260	1484
751	4260
4929	751
3360	4929
2432	3360
2476	2432
3776	2476
1026	3776
594	1026
3647	594
2541	3647
2497	2541
1237	2497
511	1237
3674	511
2421	3674
3671	2421
1763	3671
3176	1763
366	3176
2424	366
575	2424
52	575
2732	52
3679	2732
3126	3679
414	3126
4358	414
2279	4358
2352	2279
2328	2352
4838	2328
839	4838
4089	839
684	4089
4205	684
4495	4205
1261	4495
4487	1261
1042	4487
695	1042
1040	695
4105	1040
1089	4105
2722	1089
1720	2722
2978	1720
28	2978
331	28
292	331
1312	292
74	1312
413	74
3122	413
227	3122
2723	227
2490	2723
3653	2490
2299	3653
1767	2299
2108	1767
2064	2108
4070	2064
4376	4070
131	4376
3577	131
4983	3577
3965	4983
1947	3965
2635	1947
4252	2635
4744	4252
4288	4744
1331	4288
1904	1331
1509	1904
2389	1509
3267	2389
4932	3267
721	4932
3962	721
2826	3962
4425	2826
672	4425
518	672
3309	518
4502	3309
273	4502
2563	273
1215	2563
697	1215
2598	697
4772	2598
722	4772
2534	722
5057	2534
4920	5057
1608	4920
512	1608
3657	512
3615	3657
390	3615
3932	390
2745	3932
5052	2745
1861	5052
2766	1861
3079	2766
3841	3079
1292	3841
4100	1292
900	4100
1560	900
3468	1560
948	3468
3731	948
1775	3731
3314	1775
1976	3314
3707	1976
2903	3707
666	2903
2695	666
4083	2695
4597	4083
1120	4597
4428	1120
115	4428
1780	115
1104	1780
2288	1104
399	2288
2707	399
4242	2707
3756	4242
3370	3756
283	3370
1670	283
3998	1670
3179	3998
257	3179
290	257
4057	290
2102	4057
3109	2102
1465	3109
2542	1465
2440	2542
1752	2440
323	1752
2411	323
3196	2411
2930	3196
40	2930
4120	40
800	4120
3130	800
2993	3130
1887	2993
3082	1887
1951	3082
2495	1951
2828	2495
1699	2828
4199	1699
1000	4199
3953	1000
2499	3953
3954	2499
5040	3954
3869	5040
3683	3869
3664	3683
3236	3664
1676	3236
1009	1676
1428	1009
975	1428
4394	975
3581	4394
3131	3581
3101	3131
1957	3101
2516	1957
2155	2516
255	2155
4256	255
62	4256
3622	62
1816	3622
2794	1816
4576	2794
2175	4576
2248	2175
3000	2248
4161	3000
3867	4161
2514	3867
2543	2514
2803	2543
837	2803
1268	837
3392	1268
570	3392
5044	570
1029	5044
470	1029
222	470
178	222
1122	178
1516	1122
2788	1516
3448	2788
4387	3448
4679	4387
4742	4679
3498	4742
2321	3498
4710	2321
1208	4710
2873	1208
988	2873
4739	988
456	4739
2041	456
1493	2041
3879	1493
2545	3879
472	2545
1293	472
4012	1293
1542	4012
3544	1542
2043	3544
569	2043
2091	569
3797	2091
1978	3797
2759	1978
4569	2759
987	4569
3065	987
3450	3065
134	3450
974	134
2068	974
4803	2068
5049	4803
3706	5049
5045	3706
2040	5045
5037	2040
3837	5037
2876	3837
1585	2876
3805	1585
1993	3805
239	1993
2326	239
3702	2326
1995	3702
5051	1995
4381	5051
1549	4381
5056	1549
4823	5056
1247	4823
624	1247
4729	624
1281	4729
819	1281
1201	819
4667	1201
206	4667
1613	206
4849	1613
954	4849
440	954
4789	440
2033	4789
3477	2033
3694	3477
2315	3694
2331	2315
3291	2331
2999	3291
2764	2999
1051	2764
1478	1051
288	1478
2683	288
2236	2683
1204	2236
996	1204
793	996
3764	793
1602	3764
542	1602
480	542
4123	480
1634	4123
4511	1634
628	4511
1648	628
1307	1648
3219	1307
1874	3219
2983	1874
2586	2983
4324	2586
4341	4324
4731	4341
2996	4731
4821	2996
4807	4821
1028	4807
1273	1028
3863	1273
4550	3863
234	4550
1867	234
3896	1867
1534	3896
5017	1534
4607	5017
2861	4607
180	2861
1020	180
2089	1020
123	2089
2526	123
2874	2526
762	2874
1257	762
1287	1257
3856	1287
3851	3856
2053	3851
2964	2053
4970	2964
242	4970
3916	242
1992	3916
2515	1992
3310	2515
2955	3310
2017	2955
3478	2017
863	3478
4989	863
1165	4989
2083	1165
4572	2083
4401	4572
880	4401
1498	880
1471	1498
3644	1471
3740	3644
3280	3740
2126	3280
4642	2126
4652	4642
2832	4652
3152	2832
3125	3152
3754	3125
2143	3754
2180	2143
3172	2180
3772	3172
1081	3772
704	1081
3686	704
506	3686
1681	506
348	1681
2128	348
2736	2128
357	2736
1460	357
1361	1460
4393	1361
2679	4393
2926	2679
1802	2926
1818	1802
3695	1818
3961	3695
1897	3961
3798	1897
1996	3798
2622	1996
2747	2622
4155	2747
4305	4155
3591	4305
2555	3591
1218	2555
3997	1218
1675	3997
3563	1675
295	3563
313	295
4806	313
3160	4806
2190	3160
1722	2190
4689	1722
1601	4689
5085	1601
746	5085
97	746
121	97
1327	121
1789	1327
3301	1789
760	3301
2778	760
3298	2778
2557	3298
409	2557
4778	409
3703	4778
3296	3703
2395	3296
3297	2395
1034	3297
1578	1034
4718	1578
2088	4718
5098	2088
2090	5098
1270	2090
1716	1270
2912	1716
3900	2912
4494	3900
4988	4494
4837	4988
2694	4837
1869	2694
759	1869
1358	759
1147	1358
1686	1147
633	1686
2428	633
3238	2428
4948	3238
3977	4948
3405	3977
68	3405
3691	68
254	3691
1835	254
246	1835
3164	246
333	3164
2815	333
2715	2815
3376	2715
3270	3376
4496	3270
3913	4496
2427	3913
2839	2427
1911	2839
2626	1911
3262	2626
2643	3262
3574	2643
2394	3574
5004	2394
39	5004
4274	39
4267	4274
3068	4267
48	3068
4517	48
4936	4517
3014	4936
2753	3014
2164	2753
4535	2164
3829	4535
1140	3829
4881	1140
3129	4881
1512	3129
910	1512
4168	910
859	4168
4990	859
1112	4990
501	1112
2818	501
1823	2818
3202	1823
685	3202
4529	685
1133	4529
2258	1133
731	2258
2837	731
3033	2837
5067	3033
2827	5067
3641	2827
1238	3641
1343	1238
417	1343
3184	417
118	3184
2822	118
810	2822
4254	810
2790	4254
4075	2790
896	4075
1330	896
635	1330
4682	635
2242	4682
4073	2242
2877	4073
2691	2877
933	2691
1229	933
3404	1229
1142	3404
1955	1142
3619	1955
4198	3619
840	4198
2407	840
2651	2407
1554	2651
3553	1554
4281	3553
2572	4281
3631	2572
169	3631
32	169
475	32
110	475
4247	110
3384	4247
4963	3384
4280	4963
397	4280
3292	397
2225	3292
3659	2225
3564	3659
2409	3564
4088	2409
2513	4088
2611	2513
1037	2611
945	1037
2908	945
784	2908
965	784
4762	965
1565	4762
1259	1565
1590	1259
3865	1590
1192	3865
3921	1192
4830	3921
1597	4830
4464	1597
4619	4464
3964	4619
4383	3964
1830	4383
2316	1830
384	2316
379	384
2776	379
4603	2776
612	4603
463	612
5007	463
2379	5007
1466	2379
1419	1466
489	1419
4973	489
1838	4973
3373	1838
1349	3373
1340	1349
1038	1340
4953	1038
1685	4953
2774	1685
2273	2774
454	2273
1443	454
3957	1443
4489	3957
4537	4489
2457	4537
1755	2457
802	1755
1260	802
4182	1260
3324	4182
2652	3324
2819	2652
459	2819
3580	459
4911	3580
1182	4911
659	1182
4036	659
4386	4036
4174	4386
2780	4174
3883	2780
1799	3883
3893	1799
3473	3893
3090	3473
4750	3090
1178	4750
3083	1178
215	3083
3949	215
4233	3949
3668	4233
3876	3668
4264	3876
3161	4264
689	3161
2227	689
3612	2227
3678	3612
4016	3678
1171	4016
4796	1171
2325	4796
2372	2325
2220	2372
3943	2220
2118	3943
4096	2118
2456	4096
1827	2456
3287	1827
2728	3287
2477	2728
1959	2477
2808	1959
2158	2808
1939	2158
629	1939
367	629
622	367
2504	622
1128	2504
621	1128
3761	621
4437	3761
5109	4437
4890	5109
4784	4890
1656	4784
4945	1656
4432	4945
2213	4432
2283	2213
1969	2283
281	1969
1334	281
2848	1334
4289	2848
4986	4289
1970	4986
2230	1970
3611	2230
3141	3611
2705	3141
2569	2705
1123	2569
4960	1123
3634	4960
1134	3634
4959	1134
4429	4959
1642	4429
2402	1642
4774	2402
3173	4774
3849	3173
1126	3849
2853	1126
2829	2853
3759	2829
2269	3759
3950	2269
2921	3950
991	2921
883	991
2506	883
3412	2506
1046	3412
4099	1046
3423	4099
5053	3423
2989	5053
1360	2989
3146	1360
3840	3146
2558	3840
1773	2558
2601	1773
4826	2601
477	4826
4949	477
4640	4949
2606	4640
4344	2606
1580	4344
360	1580
1352	360
4298	1352
2811	4298
4054	2811
1912	4054
2139	1912
4343	2139
3195	4343
4218	3195
2398	4218
2207	2398
4029	2207
363	4029
4900	363
380	4900
3981	380
4220	3981
4355	4220
1617	4355
4614	1617
3053	4614
2911	3053
1784	2911
3489	1784
3226	3489
3355	3226
2223	3355
4202	2223
4630	4202
2568	4630
1184	2568
4391	1184
3322	4391
2425	3322
3600	2425
1882	3600
1473	1882
3882	1473
3367	3882
4522	3367
3093	4522
2246	3093
2177	2246
1308	2177
2571	1308
3363	2571
1108	3363
102	1108
504	102
4306	504
3168	4306
4309	3168
4641	4309
1664	4641
1658	1664
3240	1658
4544	3240
1318	4544
4334	1318
598	4334
4878	598
3025	4878
1236	3025
4385	1236
3028	4385
2162	3028
4148	2162
1322	4148
1501	1322
4734	1501
2603	4734
4011	2603
4217	4011
4934	4217
891	4934
5001	891
338	5001
351	338
1429	351
4993	1429
2629	4993
371	2629
4978	371
1450	4978
2772	1450
3763	2772
2189	3763
334	2189
1124	334
3283	1124
4157	3283
2615	4157
4180	2615
2616	4180
376	2616
1639	376
394	1639
320	394
77	320
3505	77
4286	3505
4166	4286
2612	4166
2173	2612
543	2173
1190	543
3175	1190
4633	3175
1922	4633
638	1922
1949	638
917	1949
4356	917
2548	4356
913	2548
3326	913
3399	3326
3982	3399
4272	3982
2844	4272
4023	2844
2934	4023
2810	2934
676	2810
4951	676
649	4951
3295	649
944	3295
1700	944
3250	1700
1121	3250
421	1121
744	421
3575	744
743	3575
1953	743
1226	1953
3629	1226
517	3629
1185	517
3992	1185
1176	3992
4094	1176
983	4094
3056	983
710	3056
4809	710
2181	4809
287	2181
4493	287
2807	4493
3228	2807
1600	3228
3029	1600
3684	3029
297	3684
555	297
1234	555
389	1234
3762	389
3656	3762
4416	3656
2171	4416
225	2171
1078	225
167	1078
1483	167
3548	1483
4773	3548
4977	4773
4931	4977
1092	4931
3599	1092
3624	3599
4760	3624
630	4760
3356	630
2712	3356
2020	2712
1258	2020
3050	1258
2619	3050
89	2619
4752	89
4560	4752
1840	4560
4139	1840
662	4139
4490	662
4548	4490
4914	4548
605	4914
3556	605
2137	3556
3374	2137
4297	3374
3752	4297
3115	3752
391	3115
3630	391
1445	3630
1454	1445
38	1454
3120	38
8	3120
1893	8
4991	1893
4325	4991
3985	4325
1856	3985
3212	1856
3268	3212
1908	3268
4969	1908
4006	4969
3586	4006
3249	3586
957	3249
2117	957
912	2117
2317	912
3206	2317
431	3206
4214	431
3654	4214
4765	3654
495	4765
340	495
4026	340
406	4026
3830	406
3614	3830
4118	3614
2657	4118
3888	2657
1599	3888
2658	1599
1522	2658
3920	1522
4497	3920
4395	4497
1570	4395
1102	1570
4889	1102
4854	4889
3335	4854
4228	3335
2816	4228
652	2816
145	652
3850	145
2659	3850
4091	2659
850	4091
1174	850
2060	1174
953	2060
4775	953
552	4775
1056	552
2782	1056
4455	2782
466	4455
1537	466
3493	1537
3510	3493
3436	3510
2343	3436
4121	2343
1415	4121
3490	1415
1166	3490
4564	1166
2354	4564
3251	2354
2523	3251
2418	2523
1485	2418
1139	1485
3218	1139
3940	3218
2618	3940
98	2618
3132	98
634	3132
4262	634
524	4262
597	524
2339	597
4304	2339
3252	4304
3024	3252
387	3024
2820	387
2654	2820
4563	2654
1931	4563
3560	1931
3989	3560
1759	3989
296	1759
481	296
554	481
57	554
141	57
2741	141
639	2741
4674	639
1595	4674
2692	1595
576	2692
3855	576
4893	3855
2445	4893
3052	2445
4007	3052
4426	4007
1753	4426
2502	1753
3734	2502
1839	3734
4525	1839
3167	4525
1116	3167
3561	1116
3253	3561
520	3253
2607	520
4661	2607
4146	4661
2238	4146
2244	2238
3807	2244
3342	3807
4921	3342
2754	4921
55	2754
4916	55
4084	4916
3568	4084
702	3568
812	702
4757	812
147	4757
3352	147
4888	3352
956	4888
3516	956
2345	3516
2686	2345
4690	2686
3483	4690
3739	3483
1250	3739
345	1250
4317	345
1181	4317
4098	1181
1198	4098
2856	1198
2575	2856
2494	2575
4042	2494
3110	4042
3114	3110
3400	3114
3	3400
1353	3
2690	1353
4366	2690
4196	4366
3018	4196
401	3018
709	401
4645	709
3589	4645
3915	3589
1596	3915
3626	1596
4194	3626
2855	4194
1894	2855
1294	1894
2306	1294
532	2306
3049	532
5003	3049
4149	5003
1145	4149
2740	1145
4229	2740
5079	4229
4052	5079
3892	4052
3803	3892
2152	3803
2285	2152
3151	2285
4818	3151
4616	4818
3086	4616
1719	3086
2633	1719
4071	2633
567	4071
3415	567
3426	3415
3482	3426
2888	3482
2035	2888
1584	2035
918	1584
1849	918
3308	1849
1944	3308
1956	1944
1442	1956
1728	1442
2749	1728
183	2749
1444	183
4918	1444
4815	4918
154	4815
2295	154
2435	2295
3862	2435
3272	3862
3187	3272
2975	3187
4697	2975
2539	4697
4536	2539
805	4536
137	805
1631	137
4856	1631
4468	4856
3948	4468
568	3948
1979	568
5075	1979
4810	5075
5101	4810
4685	5101
4751	4685
2353	4751
3011	2353
1411	3011
471	1411
4846	471
149	4846
186	149
3842	186
1399	3842
4470	1399
2462	4470
5118	2462
2870	5118
2628	2870
3087	2628
4446	3087
5070	4446
4860	5070
157	4860
2779	157
4845	2779
2867	4845
2008	2867
3804	2008
4686	3804
3595	4686
448	3595
1545	448
3457	1545
2672	3457
1050	2672
3806	1050
2348	3806
1392	2348
885	1392
156	885
3458	156
4728	3458
2301	4728
1161	2301
3438	1161
881	3438
2327	881
125	2327
2998	125
5103	2998
2012	5103
1803	2012
4808	1803
4812	4808
278	4812
4643	278
4471	4643
3937	4471
2891	3937
849	2891
1809	849
1985	1809
4844	1985
3918	4844
4673	3918
2863	4673
4142	2863
144	4142
2757	144
3738	2757
1275	3738
4506	1275
3711	4506
1189	3711
4717	1189
830	4717
2099	830
3470	2099
540	3470
1573	540
3934	1573
3008	3934
551	3008
2015	551
4484	2015
1262	4484
4741	1262
4359	4741
2994	4359
4783	2994
2929	4783
2011	2929
1774	2011
3203	1774
152	3203
2062	152
1162	2062
4764	1162
3539	4764
1743	3539
1633	1743
3463	1633
4669	3463
1618	4669
422	1618
3075	422
2004	3075
2915	2004
1709	2915
2096	1709
2342	2096
4693	2342
2602	4693
241	2602
1252	241
2664	1252
4406	2664
441	4406
3244	441
561	3244
4586	561
1376	4586
2045	1376
205	2045
1653	205
947	1653
5108	947
1001	5108
1298	1001
3084	1298
921	3084
1845	921
3259	1845
35	3259
866	35
2945	866
4766	2945
2010	4766
2014	2010
2973	2014
2968	2973
3572	2968
1540	3572
3413	1540
497	3413
1935	497
642	1935
2487	642
4160	2487
4905	4160
3286	4905
1210	3286
3638	1210
3319	3638
3894	3319
1014	3894
828	1014
3334	828
1396	3334
2949	1396
3066	2949
557	3066
5055	557
4230	5055
5122	4230
4769	5122
3650	4769
4372	3650
2532	4372
2924	2532
3229	2924
4540	3229
310	4540
4749	310
3758	4749
3388	3758
4961	3388
2991	4961
258	2991
2472	258
2324	2472
1815	2324
943	1815
4124	943
2029	4124
1576	2029
1487	1576
2868	1487
3715	2868
690	3715
3414	690
4243	3414
3371	4243
1934	3371
3099	1934
1242	3099
2278	1242
3385	2278
1430	3385
3294	1430
29	3294
4434	29
1223	4434
2632	1223
5068	2632
1107	5068
4722	1107
3235	4722
1458	3235
4919	1458
1920	4919
1231	1920
1357	1231
3303	1357
3601	3303
4332	3601
651	4332
174	651
59	174
1384	59
997	1384
2378	997
1862	2378
2857	1862
3349	2857
4164	3349
3144	4164
3714	3144
3967	3714
2959	3967
3010	2959
1047	3010
4867	1047
3479	4867
940	3479
1630	940
1833	1630
3735	1833
4510	3735
3323	4510
2229	3323
120	2229
3770	120
1099	3770
1246	1099
1143	1246
2161	1143
1852	2161
1469	1852
3931	1469
1359	3931
2688	1359
521	2688
2710	521
513	2710
4086	513
402	4086
745	402
4659	745
995	4659
2792	995
733	2792
443	733
2783	443
1933	2783
1113	1933
3661	1113
1855	3661
4621	1855
2392	4621
3016	2392
3705	3016
1873	3705
5102	1873
3269	5102
2237	3269
3594	2237
4299	3594
4476	4299
4552	4476
4373	4552
2564	4373
3092	2564
434	3092
393	434
1105	393
4979	1105
2206	4979
4755	2206
2204	4755
2742	2204
4207	2742
1941	4207
2835	1941
1221	2835
3648	1221
260	3648
70	260
656	70
1750	656
4833	1750
1385	4833
1339	1385
2005	1339
1892	2005
2653	1892
364	2653
279	364
1878	279
4291	1878
3627	4291
3552	3627
4419	3552
4244	4419
4137	4244
1351	4137
2854	1351
3265	2854
3105	3265
3585	3105
362	3585
4185	362
21	4185
2221	21
4187	2221
1496	4187
4258	1496
1889	4258
640	1889
4870	640
2113	4870
2406	2113
462	2406
4396	462
2375	4396
4626	2375
2508	4626
617	2508
2466	617
4066	2466
924	4066
5099	924
4463	5099
163	4463
5074	163
3502	5074
4847	3502
857	4847
1579	857
3046	1579
3484	3046
1588	3484
1746	1588
224	1746
1609	224
770	1609
5063	770
4047	5063
3799	4047
2022	3799
1819	2022
4082	1819
4820	4082
4378	4820
212	4378
5124	212
2013	5124
1407	2013
2308	1407
3485	2308
2802	3485
1279	2802
433	1279
3857	433
3527	3857
3434	3527
1153	3434
2536	1153
2371	2536
3541	2371
3828	3541
3848	3828
2547	3848
2034	2547
1300	2034
1997	1300
129	1997
1747	129
4779	1747
173	4779
2061	173
2038	2061
560	2038
3494	560
928	3494
1276	928
204	1276
836	204
2313	836
1365	2313
1581	1365
999	1581
1043	999
3508	1043
1981	3508
1371	1981
1363	1371
1048	1363
4714	1048
3522	4714
1427	3522
3427	1427
1418	3427
3512	1418
1531	3512
4117	1531
3836	4117
1616	3836
1793	1616
4389	1793
765	4389
83	765
1771	83
4982	1771
1381	4982
3725	1381
4971	3725
220	4971
984	220
4719	984
3456	4719
564	3456
884	564
1614	884
4351	1614
1563	4351
1880	1563
1788	1880
3409	1788
4875	3409
16	4875
2135	16
2493	2135
4629	2493
4397	4629
1136	4397
1820	1136
827	1820
1271	827
2063	1271
4578	2063
3266	4578
3873	3266
3823	3873
3517	3823
4392	3517
2594	4392
3007	2594
2359	3007
1626	2359
4617	1626
958	4617
1805	958
5009	1805
1541	5009
3969	1541
980	3969
3059	980
136	3059
844	136
2093	844
1070	2093
10	1070
1635	10
1737	1635
4283	1737
3177	4283
2051	3177
217	2051
2524	217
3073	2524
2599	3073
2365	2599
2604	2365
1245	2604
951	1245
2437	951
4492	2437
3145	4492
3027	3145
1923	3027
3321	1923
3708	3321
4331	3708
259	4331
4927	259
842	4927
665	842
1467	665
2817	1467
3984	2817
336	3984
4263	336
3995	4263
4265	3995
580	4265
3559	580
1714	3559
3963	1714
1016	3963
3441	1016
3719	3441
268	3719
347	268
589	347
3197	589
4601	3197
3584	4601
3460	3584
2595	3460
3860	2595
3766	3860
985	3766
2841	985
4222	2841
3139	4222
4441	3139
3051	4441
4232	3051
3278	4232
93	3278
3247	93
909	3247
4623	909
663	4623
2247	663
3917	2247
4277	3917
2264	4277
3922	2264
2623	3922
4688	2623
4307	4688
1761	4307
2385	1761
460	2385
1127	460
1837	1127
3966	1837
876	3966
1765	876
4864	1765
4435	4864
474	4435
4558	474
2661	4558
1018	2661
2165	1018
1888	2165
211	1888
247	211
1612	247
4605	1612
4891	4605
926	4891
950	926
1884	950
3590	1884
4101	3590
894	4101
4504	894
864	4504
453	864
2674	453
2784	2674
162	2784
2931	162
779	2931
1577	779
1615	1577
2919	1615
4588	2919
3442	4588
5113	3442
1390	5113
3449	1390
3447	3449
2981	3447
3504	2981
2050	3504
1551	2050
5065	1551
1005	5065
538	1005
4879	538
4658	4879
3351	4658
865	3351
2625	865
3030	2625
4559	3030
4295	4559
611	4295
1663	611
3104	1663
3592	3104
419	3592
4523	419
4957	4523
2798	4957
2218	2798
2588	2218
1451	2588
378	1451
2830	378
1768	2830
2813	1768
4479	2813
43	4479
2699	43
4958	2699
1640	4958
1239	1640
2380	1239
4985	2380
375	4985
3960	375
3362	3960
1472	3362
4913	1472
4270	4913
3613	4270
585	3613
4346	585
4063	4346
2159	4063
1694	2159
835	1694
654	835
2500	654
1480	2500
4311	1480
243	4311
1064	243
5015	1064
2709	5015
3234	2709
1907	3234
4369	1907
4405	4369
1900	4405
1883	1900
4477	1883
3557	4477
901	3557
4404	901
851	4404
1751	851
2298	1751
1285	2298
2882	1285
1619	2882
2399	1619
3760	2399
3955	3760
579	3955
4360	579
618	4360
3476	618
3174	3476
1304	3174
126	1304
2026	126
3809	2026
2954	3809
439	2954
3786	439
4116	3786
1999	4116
5111	1999
1256	5111
5083	1256
798	5083
3724	798
2491	3724
3579	2491
3990	3579
4869	3990
1180	4869
553	1180
3328	553
307	3328
4668	307
3935	4668
1031	3935
3899	1031
2967	3899
1152	2967
4125	1152
4592	4125
834	4592
1571	834
3044	1571
407	3044
2936	407
3435	2936
4726	3435
3002	4726
4353	3002
2027	4353
3454	2027
2935	3454
1824	2935
3861	1824
4972	3861
2007	4972
2222	2007
1095	2222
312	1095
2100	312
4379	2100
2358	4379
2517	2358
1724	2517
2473	1724
803	2473
890	803
1647	890
978	1647
1544	978
3060	1544
451	3060
2681	451
544	2681
4474	544
4733	4474
3166	4733
1986	3166
4894	1986
4330	4894
4078	4330
4530	4078
344	4530
4967	344
4761	4967
796	4761
1689	796
922	1689
2530	922
2509	2530
2340	2509
1558	2340
888	1558
1781	888
2510	1781
2942	2510
426	2942
2167	426
4785	2167
4565	4785
3142	4565
3178	3142
4499	3178
1475	4499
607	1475
4705	607
3785	4705
1674	3785
1075	1674
1317	1075
3927	1317
111	3927
2518	111
660	2518
4259	660
4974	4259
4608	4974
2680	4608
2	2680
507	2
1449	507
1627	1449
2441	1627
1729	2441
99	1729
5032	99
545	5032
920	545
705	920
979	705
650	979
3623	650
1	3623
256	1
4896	256
739	4896
27	739
2412	27
2426	2412
3726	2426
2940	3726
2717	2940
4776	2717
4561	4776
3939	4561
4491	3939
1456	4491
341	1456
2838	341
619	2838
4294	619
3616	4294
4883	3616
4912	4883
3305	4912
4141	3305
1055	4141
12	1055
716	12
1129	716
4526	1129
4409	4526
646	4409
3662	646
1337	3662
1345	1337
4368	1345
3159	4368
1641	3159
2714	1641
1071	2714
4984	1071
701	4984
2268	701
2293	2268
2577	2293
1655	2577
1125	1655
1494	1125
3288	1494
3150	3288
60	3150
2750	60
1916	2750
374	1916
4337	374
2584	4337
3636	2584
1336	3636
1490	1336
4885	1490
3214	4885
1464	3214
3895	1464
1432	3895
1936	1432
1836	1936
3257	1836
509	3257
1041	509
680	1041
3186	680
2583	3186
2698	2583
3565	2698
3302	3565
4261	3302
785	4261
2639	785
3791	2639
4171	3791
346	4171
1948	346
4175	1948
1925	4175
4275	1925
730	4275
4547	730
324	4547
2422	324
2849	2422
90	2849
3156	90
3675	3156
661	3675
3365	661
1514	3365
3980	1514
4144	3980
365	4144
1778	365
4135	1778
717	4135
116	717
34	116
3753	34
2415	3753
753	2415
2559	753
4310	2559
411	4310
2574	411
1760	2574
4627	1760
275	4627
1891	275
4340	1891
350	4340
4895	350
138	4895
4193	138
4836	4193
2200	4836
488	2200
508	488
4422	508
2192	4422
3031	2192
3381	3031
1455	3381
2280	1455
2127	2280
3424	2127
2174	3424
1110	2174
289	1110
33	289
4250	33
1964	4250
4032	1964
372	4032
4754	372
1779	4754
2858	1779
3119	2858
516	3119
1227	516
4956	1227
2023	4956
1325	2023
3379	1325
1354	3379
1507	1354
1776	1507
3163	1776
586	3163
388	586
1241	388
96	1241
4413	96
4412	4413
1938	4412
3979	1938
673	3979
3063	673
392	3063
4639	392
2852	4639
1843	2852
3233	1843
4090	3233
3213	4090
3113	3213
1899	3113
1335	1899
82	1335
5033	82
2182	5033
4156	2182
85	4156
3255	85
1220	3255
3925	1220
4301	3925
668	4301
2647	668
1068	2647
904	1068
3596	904
1654	3596
4999	1654
4753	4999
3768	4753
3924	3768
3587	3924
2719	3587
1017	2719
2362	1017
133	2362
4624	133
1644	4624
2806	1644
972	2806
2538	972
3237	2538
3378	3237
36	3378
4747	36
1797	4747
4408	1797
907	4408
1144	907
3481	1144
4794	3481
546	4794
445	546
2797	445
177	2797
1582	177
1394	1582
2682	1394
959	2682
2671	959
1527	2671
479	1527
3459	479
1744	3459
816	1744
3562	816
2357	3562
436	2357
1574	436
2082	1574
4516	2082
4606	4516
4670	4606
2000	4670
3112	2000
2775	3112
1636	2775
3170	1636
1282	3170
5077	1282
549	5077
818	549
825	818
5072	825
4880	5072
626	4880
298	626
2980	298
1492	2980
15	1492
1638	15
1309	1638
893	1309
4430	893
2483	4430
4145	2483
3331	4145
1326	3331
505	1326
4486	505
2972	4486
4079	2972
3780	4079
3425	3780
1457	3425
1170	1457
4649	1170
4398	4649
4906	4398
3396	4906
3208	3396
1463	3208
69	1463
499	69
2528	499
294	2528
4488	294
4038	4488
244	4038
1500	244
3201	1500
4273	3201
4315	4273
4328	4315
4871	4328
4634	4871
1348	4634
3757	1348
1096	3757
3133	1096
645	3133
1076	645
56	1076
2977	56
1659	2977
1769	1659
2486	1769
2458	2486
1890	2458
2666	1890
3741	2666
81	3741
51	81
952	51
3137	952
1077	3137
3658	1077
2624	3658
4136	2624
4666	4136
584	4666
2718	584
4234	2718
4873	4234
2272	4873
2267	2272
2109	2267
4067	2109
723	4067
3258	723
1461	3258
1881	1461
1914	1881
4834	1914
4801	4834
1148	4801
2886	1148
3193	2886
2995	3193
1497	2995
3486	1497
280	3486
2376	280
3058	2376
4917	3058
2454	4917
3864	2454
1249	3864
2163	1249
4162	2163
2580	4162
4892	2580
261	4892
3372	261
3645	3372
2512	3645
601	2512
600	601
1131	600
1859	1131
1311	1859
4255	1311
2840	4255
2179	2840
734	2179
3364	734
4648	3364
3672	4648
2804	3672
2795	2804
4952	2795
3337	4952
3531	3337
1712	3531
1777	1712
1061	1777
632	1061
2195	632
1740	2195
2589	1740
2065	2589
2706	2065
1535	2706
4080	1535
1400	4080
2069	1400
2094	2069
813	2094
2087	813
566	2087
3874	566
3440	3874
826	3440
165	826
4348	165
1735	4348
4179	1735
4469	4179
2866	4469
3480	2866
1173	3480
1025	1173
4756	1025
2961	4756
903	2961
209	903
3136	209
1628	3136
2593	1628
49	2593
2110	49
1224	2110
4140	1224
1678	4140
1553	1678
2665	1553
5028	2665
2166	5028
3682	2166
2755	3682
198	2755
328	198
4556	328
747	4556
5064	747
2958	5064
78	2958
1489	78
3313	1489
4292	3313
1960	4292
4724	1960
3681	4724
510	3681
4664	510
736	4664
1141	736
4300	1141
674	4300
1265	674
2917	1265
3970	2917
3996	3970
3311	3996
2232	3311
4143	2232
2123	4143
1684	2123
4400	1684
4004	4400
1003	4004
2136	1003
4209	2136
4907	4209
368	4907
356	368
1434	356
377	1434
1812	377
4077	1812
17	4077
1188	17
644	1188
4782	644
1879	4782
3095	1879
4436	3095
1831	4436
756	1831
1167	756
3578	1167
2344	3578
5022	2344
2044	5022
766	2044
2533	766
3354	2533
2296	3354
2720	2296
316	2720
4284	316
2199	4284
1310	2199
1346	1310
1502	1346
1217	1502
4531	1217
1452	4531
3733	1452
3347	3733
3609	3347
1111	3609
4335	1111
2178	4335
2265	2178
4097	2265
4303	4097
2560	4303
2323	2560
4711	2323
2307	4711
946	2307
2309	946
3461	2309
4702	3461
3472	4702
2669	3472
1410	2669
1374	1410
3496	1374
970	3496
3783	970
773	3783
200	773
3839	200
1397	3839
170	1397
3716	170
139	3716
3538	139
3844	3538
806	3844
1179	806
216	1179
1990	216
2355	1990
4568	2355
1745	4568
2003	1745
437	2003
1723	437
4203	1723
4451	4203
2067	4451
2047	2067
3700	2047
1974	3700
2914	1974
3148	2914
764	3148
4438	764
3908	4438
5021	3908
1734	5021
150	1734
5047	150
4598	5047
4850	4598
3443	4850
4458	3443
3729	4458
5116	3729
1267	5116
1156	1267
190	1156
203	190
4840	203
4562	4840
4370	4562
718	4370
5027	718
892	5027
4206	892
1942	4206
267	1942
2521	267
4758	2521
3513	4758
214	3513
5082	214
5025	5082
1388	5025
2039	1388
135	2039
2496	135
4678	2496
5046	4678
3824	5046
4825	3824
4382	4825
3533	4382
4841	3533
1825	4841
3698	1825
1991	3698
4467	1991
3808	4467
3717	3808
1389	3717
2073	1389
2925	2073
2907	2925
4684	2907
233	4684
535	233
2890	535
1004	2890
1263	1004
2953	1263
3045	2953
2986	3045
2809	2986
4403	2809
1240	4403
252	1240
3245	252
4312	3245
577	4312
3098	577
1646	3098
3118	1646
4922	3118
1691	4922
4976	1691
4923	4976
4777	4923
2773	4777
868	2773
4357	868
4798	4357
962	4798
117	962
4534	117
2834	4534
5096	2834
400	5096
3225	400
1696	3225
3242	1696
599	3242
3358	599
498	3358
3340	498
1928	3340
3748	1928
485	3748
2249	485
1212	2249
1347	1212
1795	1347
326	1795
4524	326
559	4524
4481	559
2613	4481
4176	2613
2154	4176
829	2154
2187	829
2585	2187
3778	2585
1708	3778
2796	1708
4792	2796
5034	4792
1286	5034
3792	1286
4349	3792
3263	4349
3091	3263
2401	3091
1306	2401
1160	1306
3956	1160
1738	3956
444	1738
858	444
2878	858
5091	2878
1794	5091
4781	1794
1382	4781
1157	1382
3433	1157
3428	3433
1621	3428
2311	1621
3455	2311
4459	3455
4703	4459
2305	4703
832	2305
781	832
1525	781
986	1525
807	986
2667	807
846	2667
253	846
1711	253
2872	1711
1013	2872
2859	1013
4555	2859
3677	4555
3085	3677
5120	3085
2887	5120
1877	2887
4	1877
65	4
3003	65
869	3003
2988	869
4557	2988
1024	4557
1858	1024
1710	1858
3788	1710
4842	3788
3107	4842
53	3107
142	53
1961	142
1958	1961
4997	1958
3744	4997
4887	3744
989	4887
1149	989
1940	1149
58	1940
4128	58
2400	4128
3730	2400
3048	3730
1847	3048
4904	1847
1187	4904
1159	1187
2373	1159
3685	2373
3375	3685
335	3375
3192	335
1338	3192
683	1338
1323	683
3666	1323
2233	3666
688	2233
1665	688
3663	1665
1091	3663
2823	1091
925	2823
4696	925
906	4696
740	906
5005	740
1230	5005
1886	1230
4253	1886
503	4253
693	503
4302	693
4138	4302
1924	4138
3165	1924
2145	3165
3625	2145
2417	3625
1315	2417
3923	1315
2842	3923
452	2842
3558	452
4046	3558
2235	4046
1333	2235
3959	1333
4159	3959
382	4159
3945	382
490	3945
4995	490
3418	4995
1233	3418
2151	1233
4546	2151
698	4546
1082	698
3417	1082
2700	3417
4219	2700
1651	4219
3153	1651
1433	3153
359	1433
4583	359
1470	4583
1438	1470
1109	1438
867	1109
1447	867
1103	1447
720	1103
274	720
3103	274
5023	3103
573	5023
1401	573
565	1401
1715	565
3543	1715
5026	3543
1977	5026
1806	1977
2985	1806
5114	2985
238	5114
3692	238
5093	3692
2881	5093
1929	2881
786	1929
1010	786
4805	1010
1019	4805
3540	1019
1289	3540
1251	1289
4591	1251
2086	4591
3859	2086
185	3859
776	185
132	776
5090	132
2760	5090
537	2760
424	537
231	424
2880	231
4460	2880
2900	4460
2059	2900
4763	2059
2676	4763
1405	2676
2758	1405
2894	2758
458	2894
845	458
2768	845
2922	2768
1406	2922
856	1406
4692	856
4375	4692
428	4375
4868	428
562	4868
168	562
1870	168
493	1870
3975	493
2531	3975
1022	2531
1782	1022
4410	1782
1898	4410
3933	1898
2527	3933
2266	2527
4665	2266
3096	4665
3747	3096
3070	3747
4593	3070
461	4593
3777	461
270	3777
3618	270
4585	3618
355	4585
4771	355
2969	4771
4954	2969
1921	4954
4104	1921
3327	4104
609	3327
4735	609
801	4735
4030	801
2567	4030
3746	2567
3598	3746
494	3598
2403	494
3211	2403
2322	3211
4065	2322
2176	4065
4625	2176
3275	4625
383	3275
3620	383
1687	3620
1228	1687
1436	1228
572	1436
550	572
670	550
4829	670
3976	4829
587	3976
2084	587
418	2084
4186	418
2725	4186
4152	2725
2194	4152
2451	2194
4224	2451
3329	4224
4402	3329
3646	4402
108	3646
2239	108
1587	2239
4374	1587
369	4374
2650	369
282	2650
4415	282
2566	4415
492	2566
42	492
2498	42
2833	2498
3439	2833
615	3439
4939	615
4319	4939
1119	4319
519	1119
2255	519
3395	2255
2932	3395
3978	2932
4342	3978
3034	4342
3606	3034
4320	3606
1946	4320
1661	1946
4610	1661
482	4610
3800	482
841	3800
5042	841
171	5042
2899	171
2193	2899
4285	2193
4701	4285
3886	4701
5014	3886
4594	5014
4861	4594
5089	4861
1274	5089
3699	1274
2923	3699
4851	2923
2916	4851
226	2916
473	226
1002	473
1994	1002
1798	1994
5035	1798
3451	5035
1528	3451
128	1528
3529	128
821	3529
847	821
432	847
2481	432
3149	2481
1562	3149
838	1562
2320	838
3794	2320
4527	3794
2885	4527
1366	2885
2519	1366
1561	2519
3689	1561
1254	3689
990	1254
2884	990
2209	2884
4935	2209
2292	4935
1097	2292
625	1097
2638	625
1488	2638
2377	1488
2226	2377
3042	2226
1568	3042
1726	1568
2928	1726
2098	2928
2366	2098
2253	2366
977	2253
3573	977
4681	3573
4114	4681
2349	4114
1552	2349
408	1552
4848	408
5076	4848
3089	5076
1269	3089
3465	1269
4770	3465
536	4770
1533	536
4709	1533
1164	4709
1372	1164
1195	1372
882	1195
3452	882
2310	3452
3469	2310
872	3469
1377	872
3500	1377
2332	3500
4618	2332
2905	4618
3891	2905
1302	3891
3723	1302
2070	3723
1546	2070
1593	1546
3750	1593
1206	3750
4827	1206
1871	4827
1811	1871
3043	1811
2540	3043
4454	2540
799	4454
1277	799
3511	1277
1266	3511
3779	1266
4612	3779
2787	4612
2024	2787
780	2024
4363	780
1526	4363
541	1526
3429	541
2677	3429
1566	2677
2668	1566
854	2668
1280	854
3536	1280
4472	3536
2974	4472
4018	2974
2095	4018
484	2095
4720	484
4204	4720
3437	4204
3846	3437
2770	3846
795	2770
3821	795
1404	3821
176	1404
1154	176
3547	1154
4787	3547
4790	4787
5043	4790
2149	5043
3793	2149
930	3793
3911	930
3815	3911
4843	3815
3701	4843
1006	3701
2319	1006
3745	2319
1222	3745
2329	1222
1008	2329
3971	1008
1440	3971
5006	1440
1841	5006
3885	1841
1391	3885
2537	1391
571	2537
2363	571
877	2363
3868	877
1772	3868
1739	1772
852	1739
964	852
4631	964
330	4631
2836	330
4992	2836
2576	4992
3988	2576
2133	3988
1491	2133
4040	1491
1650	4040
4051	1650
4941	4051
3411	4941
3032	3411
46	3032
3183	46
1611	3183
4271	1611
1543	4271
1316	1543
4130	1316
100	4130
1297	100
4362	1297
4863	4362
669	4863
2478	669
2883	2478
3260	2883
696	3260
2480	696
1117	2480
4483	1117
1431	4483
1844	1431
2485	1844
47	2485
3140	47
1441	3140
3488	1441
2484	3488
3138	2484
1437	3138
1067	1437
2482	1067
3881	2482
3593	3881
1754	3593
75	1754
3687	75
1435	3687
679	1435
3380	679
1439	3380
2336	1439
931	2336
3190	931
3669	3190
4158	3669
3276	4158
395	3276
1927	395
44	1927
2419	44
2469	2419
3343	2469
3993	3343
3222	3993
636	3222
1692	636
3571	1692
2391	3571
1146	2391
2413	1146
2704	2413
4003	2704
2581	4003
1932	2581
3081	1932
3336	3081
293	3336
210	293
1106	210
2684	1106
992	2684
3204	992
3189	3204
1468	3189
4589	1468
2673	4589
3887	2673
230	3887
2721	230
1963	2721
4543	1963
4736	4543
3338	4736
1264	3338
446	1264
556	446
578	556
342	578
1965	342
2587	1965
4874	2587
3185	4874
3397	3185
530	3397
5062	530
2028	5062
4996	2028
4108	4996
860	4108
2464	860
2551	2464
3306	2551
2210	3306
4236	2210
4657	4236
4509	4657
64	4509
2582	64
370	2582
465	370
4968	465
76	4968
1539	76
3602	1539
1598	3602
4938	1598
3389	4938
2520	3389
631	2520
4955	631
2600	4955
2016	2600
1901	2016
4865	1901
5110	4865
533	5110
3072	533
2956	3072
848	2956
5106	848
3039	5106
2990	3039
199	2990
5019	199
4110	5019
172	4110
824	172
2075	824
5092	2075
3001	5092
1817	3001
1303	1817
4802	1303
1521	4802
2939	1521
2909	2939
1172	2909
2346	1172
423	2346
2056	423
886	2056
193	886
4613	193
1523	4613
1200	1523
853	1200
3061	853
166	3061
1801	166
4352	1801
3784	4352
3643	3784
2467	3643
4925	2467
2511	4925
3102	2511
2423	3102
1952	2423
3248	1952
2814	3248
4632	2814
4278	4632
3583	4278
2578	3583
4926	2578
1194	4926
4725	1194
2447	4725
932	2447
4111	932
1748	4111
879	1748
2970	879
3506	2970
822	3506
5031	822
2992	5031
1918	2992
4723	1918
4216	4723
2383	4216
1846	2383
1876	1846
5081	1876
791	5081
1919	791
3444	1919
4574	3444
4322	4574
5066	4322
3528	5066
464	3528
1731	464
2001	1731
1810	2001
548	1810
2025	548
4795	2025
794	4795
2799	794
160	2799
4584	160
4964	4584
3736	4964
164	3736
2153	164
2318	2153
2347	2318
122	2347
3710	122
5084	3710
2556	5084
3406	2556
3871	3406
531	3871
3230	531
949	3230
2944	949
1479	2944
2920	1479
4465	2920
3047	4465
5115	3047
3826	5115
3825	3826
1786	3825
5054	1786
3845	5054
2765	3845
4713	2765
2892	4713
4169	2892
4001	4169
2642	4001
3293	2642
4019	3293
4575	4019
4947	4575
1191	4947
2277	1191
4129	2277
2763	4129
1742	2763
1645	1742
4448	1645
914	4448
4611	914
2777	4611
3835	2777
1606	3835
4582	1606
3446	4582
2789	3446
3021	2789
4975	3021
4433	4975
887	4433
643	887
2106	643
2946	2106
2913	2946
5069	2913
151	5069
3497	151
5095	3497
2597	5095
4251	2597
329	4251
88	329
616	88
1321	616
71	1321
3928	71
4248	3928
3639	4248
1101	3639
2550	1101
2188	2550
4350	2188
5060	4350
4839	5060
2046	4839
4049	2046
4822	4049
2670	4822
2791	2670
3696	2791
3875	3696
3843	3875
4061	3843
1197	4061
3495	1197
187	3495
3040	187
3912	3040
855	3912
4453	855
1045	4453
4671	1045
1283	4671
2105	1283
1044	2105
1398	1044
229	1398
2081	229
3503	2081
4791	3503
4443	4791
937	4443
4706	937
963	4706
929	963
4602	929
2479	4602
2097	2479
3820	2097
1519	3820
3973	1519
240	3973
4554	240
2215	4554
2489	2215
3877	2489
3062	3877
927	3062
2906	927
416	2906
1971	416
3952	1971
303	3952
534	303
4855	534
4581	4855
1603	4581
2078	1603
4793	2078
1387	4793
5104	1387
3416	5104
3535	3416
3387	3535
2262	3387
1895	2262
4103	1895
158	4103
4599	158
4445	4599
182	4445
4708	182
1829	4708
4427	1829
4225	4427
2184	4225
195	2184
3938	195
3822	3938
3054	3822
1998	3054
2282	1998
4539	2282
627	4539
2662	627
1757	2662
361	1757
2570	361
4910	2570
3009	4910
2030	3009
3787	2030
4533	3787
1987	4533
101	1987
4005	101
1074	4005
2786	1074
4364	2786
1550	4364
430	1550
5050	430
3279	5050
130	3279
228	130
2185	228
2984	2185
1373	2984
2335	1373
4712	2335
1718	4712
4210	1718
681	4210
308	681
2845	308
1713	2845
1607	1713
3607	1607
2228	3607
4423	2228
4884	4423
1547	4884
3055	1547
4087	3055
1219	4087
4637	1219
4653	4637
1072	4653
3382	1072
339	3382
4276	339
4239	4276
1506	4239
2208	1506
606	2208
1169	606
919	1169
2608	919
1350	2608
4323	1350
5024	4323
37	5024
4183	37
236	4183
3155	236
4231	3155
2737	4231
305	2737
4421	305
905	4421
5002	905
1324	5002
4660	1324
4191	4660
1085	4191
574	1085
4924	574
2404	4924
4882	2404
941	4882
4150	941
610	4150
712	610
4745	712
4329	4745
248	4329
2148	248
4044	2148
787	4044
3628	787
2211	3628
4903	2211
4268	4903
590	4268
2565	590
4213	2565
1783	4213
4656	1783
3640	4656
2525	3640
4411	2525
4485	4411
4327	4485
3831	4327
2951	3831
4245	2951
1857	4245
4407	1857
1232	4407
4102	1232
4287	4102
2459	4287
4338	2459
2453	4338
2522	2453
4201	2522
2501	4201
5059	2501
1725	5059
2701	1725
2971	2701
783	2971
191	783
3069	191
774	3069
1705	774
4466	1705
2252	4466
450	2252
862	450
3987	862
2937	3987
2947	2937
1032	2947
1027	1032
4456	1027
1821	4456
5119	1821
2330	5119
4570	2330
2610	4570
2076	2610
1814	2076
2337	1814
3834	2337
2356	3834
4831	2356
3903	4831
5086	3903
768	5086
1555	768
5094	1555
939	5094
3909	939
3854	3909
2052	3854
2018	2052
3904	2018
2019	3904
1368	2019
159	1368
775	159
2114	775
5013	2114
2605	5013
5020	2605
1766	5020
2259	1766
1637	2259
2444	1637
201	2444
2767	201
1284	2767
4813	1284
1342	4813
1872	1342
4461	1872
4962	4461
4580	4962
4573	4580
790	4573
4367	790
4609	4367
1518	4609
3492	1518
771	3492
1408	771
2304	1408
1375	2304
1386	1375
202	1386
777	202
219	777
4677	219
1379	4677
2902	1379
1423	2902
1393	1423
993	1393
425	993
916	425
4680	916
2450	4680
1832	2450
4759	1832
1301	4759
687	1301
3709	687
4824	3709
861	4824
3890	861
2368	3890
3727	2368
3902	3727
2002	3902
4743	2002
4859	4743
998	4859
4767	998
4675	4767
2150	4675
127	2150
2933	127
4081	2933
4447	4081
3722	4447
2938	3722
4010	2938
2591	4010
4384	2591
381	4384
3273	381
2553	3273
4514	2553
3515	4514
3013	3515
3300	3013
1115	3300
3261	1115
1453	3261
1295	1453
1764	1295
4942	1764
2260	4942
2735	2260
4127	2735
4950	4127
1854	4950
3036	1854
3285	3036
4663	3285
1205	4663
3041	1205
1741	3041
1625	1741
3720	1625
4107	3720
3986	4107
2793	3986
4672	2793
2460	4672
3368	2460
4780	3368
1697	4780
2290	1697
3713	2290
3341	3713
2687	3341
2243	2687
525	2243
4178	525
3339	4178
403	3339
1682	403
1937	1682
3391	1937
4748	3391
3652	4748
358	3652
2733	358
2092	2733
415	2092
3134	415
2241	3134
4930	2241
103	4930
2132	103
3637	2132
50	3637
286	50
87	286
4122	87
2274	4122
9	2274
3188	9
2463	3188
1966	2463
1530	1966
1770	1530
4113	1770
1023	4113
4048	1023
4163	4048
2257	4163
3523	2257
2708	3523
237	2708
148	237
2104	148
4388	2104
1168	4388
1158	1168
655	1158
3914	655
306	3914
3282	306
4518	3282
2077	4518
3833	2077
5112	3833
5036	5112
1624	5036
3816	1624
2656	3816
1559	2656
1151	1559
4740	1151
1424	4740
2771	1424
1416	2771
3431	1416
1730	3431
961	1730
3464	961
2361	3464
4095	2361
3795	4095
3453	3795
4442	3453
4439	4442
2927	4439
447	2927
20	447
2503	20
1183	2503
4700	1183
449	4700
1412	449
4571	1412
3088	4571
873	3088
4704	873
3838	4704
969	3838
3077	969
2300	3077
1253	2300
2976	1253
2374	2976
4707	2374
1369	4707
2963	1369
2941	2963
5125	2941
3315	5125
5107	3315
1717	5107
2864	1717
3796	2864
1826	3796
3802	1826
2085	3802
797	2085
188	797
899	188
3812	899
2918	3812
1972	2918
2769	1972
5058	2769
2036	5058
3071	2036
2865	3071
2875	2865
2101	2875
3801	2101
1524	3801
1790	1524
1572	1790
1177	1572
2962	1177
1255	2962
221	1255
1791	221
1983	1791
5123	1983
2066	5123
2965	2066
1575	2965
3520	1575
1591	3520
1536	1591
1426	1536
2303	1426
3467	2303
1632	3467
1278	1632
3858	1278
1403	3858
1395	1403
2103	1395
1417	2103
2032	1417
648	2032
1973	648
2693	1973
1007	2693
3555	1007
352	3555
3597	352
1913	3597
3191	1913
976	3191
2957	976
4072	2957
4858	4072
539	4858
2488	539
5048	2488
4797	5048
3410	4797
1787	3410
707	1787
3878	707
3307	3878
2168	3307
2009	2168
3898	2009
3551	3898
4542	3551
1062	4542
3608	1062
4106	3608
923	4106
4715	923
1950	4715
4027	1950
4650	4027
713	4650
4928	713
3281	4928
311	3281
3983	311
4635	3983
3947	4635
2160	3947
4946	2160
1649	4946
276	1649
2119	276
3320	2119
4519	3320
5030	4519
4615	5030
823	4615
2057	823
4811	2057
1589	4811
1842	1589
1413	1842
3466	1413
814	3466
1290	814
3432	1290
1409	3432
2660	1409
3732	2660
3712	3732
1629	3712
5012	1629
878	5012
1792	878
4716	1792
2910	4716
2552	2910
1299	2552
889	1299
4817	889
1021	4817
3968	1021
1732	3968
4553	1732
815	4553
3546	815
3304	3546
4092	3304
820	4092
4473	820
3532	4473
4172	3532
2420	4172
3487	2420
2443	3487
2202	2443
5078	2202
2546	5078
3889	2546
4676	3889
2031	4676
4399	2031
3991	4399
5	3991
3117	5
3015	3117
502	3015
1355	502
1248	1355
435	1248
1291	435
476	1291
2436	476
4112	2436
1828	4112
4699	1828
478	4699
3401	478
4814	3401
2048	4814
2302	2048
778	2302
3944	778
5041	3944
3771	5041
1476	3771
208	1476
2287	208
658	2287
4377	658
5011	4377
2446	5011
4512	2446
213	4512
1736	213
2871	1736
843	2871
831	843
960	831
767	960
194	767
5117	194
5008	5117
3445	5008
1850	3445
153	1850
3870	153
3811	3870
2979	3811
4853	2979
934	4853
223	934
4604	223
1012	4604
2055	1012
4380	2055
4590	4380
4462	4590
2429	4462
218	2429
2801	218
1402	2801
1272	1402
332	1272
3818	332
4828	3818
817	4828
4819	817
2054	4819
3897	2054
902	3897
4308	902
349	4308
581	349
2824	581
1822	2824
3781	1822
181	3781
1945	181
3582	1945
3171	3582
112	3171
41	112
1202	41
750	1202
4314	750
2805	4314
24	2805
3143	24
1517	3143
3567	1517
2470	3567
1150	2470
2590	1150
3108	2590
3277	3108
4188	3277
754	4188
3318	754
3182	3318
13	3182
4223	13
2851	4223
2256	2851
1848	2256
3526	1848
691	3526
1329	691
1244	1329
1513	1244
3951	1513
3737	3951
2297	3737
1314	2297
2351	1314
2904	2351
3910	2904
4450	3910
3605	4450
763	3605
113	763
4872	113
4730	4872
3524	4730
3549	3524
4021	3549
3377	4021
3905	3377
742	3905
1620	742
2897	1620
1864	2897
2631	1864
3006	2631
5029	3006
4620	5029
3057	4620
3359	3057
496	3359
2270	496
1207	2270
3667	1207
1538	3667
4721	1538
3299	4721
4538	3299
3038	4538
614	3038
2281	614
4549	2281
3390	4549
942	3390
3884	942
2286	3884
3790	2286
4165	3790
265	4165
4636	265
4371	4636
3632	4371
4184	3632
908	4184
3554	908
2634	3554
197	2634
3817	197
5018	3817
2037	5018
1706	2037
2675	1706
1982	2675
3832	1982
5121	3832
4800	5121
2761	4800
469	2761
2197	469
789	2197
4852	789
1868	4852
2879	1868
4832	2879
4732	4832
671	4732
3518	671
2895	3518
2042	2895
3074	2042
1604	3074
2860	1604
2049	2860
2869	2049
143	2869
3813	143
175	3813
4361	175
2609	4361
5010	2609
1865	5010
1813	1865
1623	1813
3827	1623
4449	3827
1988	4449
2071	1988
196	2071
3907	196
2896	3907
4587	2896
2370	4587
3507	2370
2982	3507
2898	2982
3974	2898
5126	3974
4694	5126
4457	4694
1592	4457
4600	1592
2893	4600
1594	2893
3534	1594
3721	3534
2889	3721
2862	2889
5097	2862
4167	5097
3545	4167
269	3545
1758	269
1962	1758
2156	1962
4064	2156
2214	4064
2251	2214
1362	2251
2405	1362
2785	2405
2231	2785
3926	2231
1446	3926
1118	1446
3942	1118
3128	3942
3353	3128
994	3353
4687	994
3017	4687
1214	3017
2465	1214
4521	2465
4596	4521
938	4596
3232	938
468	3232
1605	468
1834	1605
3501	1834
161	3501
2058	161
140	2058
1721	140
1425	1721
2367	1425
4567	2367
1807	4567
3035	1807
1380	3035
1520	1380
2663	1520
3872	2663
3537	3872
833	3537
467	833
4119	467
2507	4119
2338	2507
3819	2338
2948	3819
5071	2948
2943	5071
3566	2943
4452	3566
2006	4452
4577	2006
4266	4577
2475	4266
911	2475
1762	911
3312	1762
3369	3312
4981	3369
2452	4981
1860	2452
3290	1860
2021	3290
2492	2021
3209	2492
4414	3209
4966	4414
2271	4966
2334	2271
2442	2334
4646	2442
483	4646
667	483
429	667
2284	429
1910	2284
1030	1910
3284	1030
1209	3284
2448	1209
2449	2448
4545	2449
3076	4545
4738	3076
2987	4738
3037	2987
2685	3037
874	2685
3471	874
4440	3471
3078	4440
1866	3078
2800	1866
1853	2800
3946	1853
2825	3946
2850	2825
2696	2850
3408	2696
4520	3408
4074	4520
653	4074
1756	653
1137	1756
808	1137
4691	808
2294	4691
1036	2294
3474	1036
4109	3474
2648	4109
2138	2648
1235	2138
354	1235
1090	354
4115	1090
2678	4115
1673	2678
1033	1673
3742	1033
2455	3742
1066	2455
4655	1066
4876	4655
1049	4876
3901	1049
1477	3901
971	1477
3743	971
2276	3743
1341	2276
3330	1341
318	3330
2261	318
1668	2261
353	1668
4053	353
4134	4053
2131	4134
1909	2131
3289	1909
4909	3289
2254	4909
3407	2254
2245	3407
4151	2245
4424	4151
386	4424
4002	386
2743	4002
3994	2743
1448	3994
4420	1448
703	4420
558	703
749	558
4221	749
2562	4221
1808	2562
2762	1808
529	2762
373	529
2950	373
4249	2950
4147	4249
2716	4147
3542	2716
3775	3542
523	3775
23	523
4008	23
92	4008
699	92
4768	699
664	4768
3642	664
2461	3642
3680	2461
4480	3680
3972	4480
737	3972
404	737
4444	404
1504	4444
1486	1504
491	1486
3332	491
1503	3332
3022	1503
603	3022
3930	603
1510	3930
2843	1510
2831	2843
2250	2831
63	2250
1211	63
3106	1211
22	3106
19	22
486	19
3271	486
249	3271
1216	249
3111	1216
1196	3111
155	1196
3264	155
84	3264
2196	84
1114	2196
4551	1114
3317	4551
608	3317
3116	608
4654	3116
2170	4654
3604	2170
613	3604
3749	613
522	3749
4902	522
1163	4902
2561	1163
1672	2561
4478	1672
657	4478
31	657
14	31
3254	14
2157	3254
2592	2157
146	2592
4994	146
2812	4994
3067	2812
637	3067
3127	637
1905	3127
4093	1905
591	4093
2579	591
4417	2579
5105	4417
895	5105
2360	895
811	2360
1383	811
4835	1383
1610	4835
5087	1610
1296	5087
232	1296
2901	232
3462	2901
3576	3462
1203	3576
4014	1203
1186	4014
677	1186
2198	677
3570	2198
1063	3570
3403	1063
1015	3403
3064	1015
427	3064
4177	427
1968	4177
2636	1968
114	2636
4532	114
967	4532
4908	967
3665	4908
3346	3665
3588	3346
3491	3588
1495	3491
772	1495
2655	772
1702	2655
2468	1702
3199	2468
3256	3199
3676	3256
514	3676
1054	514
2952	1054
1135	2952
1288	1135
769	1288
2630	769
3755	2630
1980	3755
692	1980
2474	692
4050	2474
1332	4050
4566	1332
3215	4566
412	3215
1320	412
2535	1320
4503	2535
1975	4503
3919	1975
3419	3919
3348	3919
4313	3348
1643	4313
4418	1643
714	4418
18	714
1906	18
3929	1906
4020	3929
2646	4020
3421	2646
4541	3421
2397	4541
3420	2397
4940	3420
4980	4940
262	4980
1690	262
1930	1690
4683	1930
809	4683
4076	809
3344	4076
1727	3344
755	1727
1583	755
3422	1583
4189	3422
2191	4189
405	2191
1863	405
299	1863
2549	299
3670	2549
3936	3670
1567	3936
4009	1567
5039	4009
973	5039
107	973
2382	107
1130	2382
515	1130
321	515
80	321
1569	80
4508	1569
1586	4508
2726	1586
3274	2726
3005	1586
706	3005
2960	706
3635	2960
4339	3635
3210	4339
1666	3210
2124	1666
935	2124
3530	935
1548	3530
1039	1548
5100	1039
3853	5100
3704	3853
3941	3704
3398	3941
1989	3941
1796	1989
2079	1796
3080	2079
1367	3080
3847	1367
1420	3847
3499	1420
4862	3499
2689	4862
4786	2689
1370	4786
2080	1370
3475	2080
915	3475
966	915
982	966
2314	982
1364	2314
1422	1364
2369	1422
1556	1422
981	1556
2333	981
1414	2333
455	1370
207	455
4857	207
4746	4857
3697	4746
4788	3697
2072	4788
3728	2072
782	3728
5088	782
792	5088
3514	792
3810	3514
5127	3810
2312	5127
3814	2312
4390	3814
184	4390
5038	184
4238	5038
1065	4238
1100	1065
1482	1100
1800	1482
1733	1800
2205	1733
804	2205
3765	804
5016	3765
3751	5016
1155	3751
1532	1155
1954	1532
3224	1954
4804	3224
4579	4804
4237	4579
3221	4237
3603	3221
500	3603
5080	500
1875	5080
3325	1875
4998	3325
4131	4998
4431	4131
1657	4431
1225	1657
527	1225
2529	527
3333	2529
526	3333
1035	526
1079	1035
1508	1079
2186	1508
487	2186
457	487
2201	457
1344	2201
11	1344
25	11
1138	25
3157	1138
2596	3157
647	2596
91	647
1213	91
3121	1213
3569	3121
3207	3569
724	3207
442	3121
4528	442
4886	4528
1917	4886
1083	1917
955	1917
3393	955
3004	1917
1175	3004
2505	1175
4595	1175
4365	4595
1199	4365
1481	4365
3350	1481
3316	3350
898	3316
438	898
3026	438
1462	3026
1926	1462
86	1926
3357	1344
3430	4131
4965	3751
3880	4965
104	1800
2275	1482
4031	1100
623	4031
2554	623
3651	2554
3147	1065
3012	3147
4866	3012
675	4866
3852	675
54	3852
4126	54
1243	4126
1421	1243
2544	1421
563	2544
604	563
3383	604
4644	3383
1707	4644
2364	1707
528	563
2219	528
936	2219
3386	2544
5000	3386
4347	3147
1305	4347
2471	4390
1529	2471
1378	1529
4816	2312
1622	4816
2074	1622
1984	2074
1804	3514
3525	3514
2433	3525
1903	2433
3906	2079
4024	3704
788	1039
73	1548
4799	3210
2240	321
124	4076
875	124
678	124
3782	678
4737	4418
2291	1495
2183	2291
315	2455
2341	4691
2350	2341
3693	5126
